,MTBV,MV,P,PE,PTBV,VA,VO
1990-01-01,,,,,,,
1990-01-08,,,,,,,
1990-01-15,,,,,,,
1990-01-22,,,,,,,
1990-01-29,,,,,,,
1990-02-05,,,,,,,
1990-02-12,,,,,,,
1990-02-19,,,,,,,
1990-02-26,,,,,,,
1990-03-05,,,,,,,
1990-03-12,,,,,,,
1990-03-19,,,,,,,
1990-03-26,,,,,,,
1990-04-02,,,,,,,
1990-04-09,,,,,,,
1990-04-16,,,,,,,
1990-04-23,,,,,,,
1990-04-30,,,,,,,
1990-05-07,,,,,,,
1990-05-14,,,,,,,
1990-05-21,,,,,,,
1990-05-28,,,,,,,
1990-06-04,,,,,,,
1990-06-11,,,,,,,
1990-06-18,,,,,,,
1990-06-25,,,,,,,
1990-07-02,,,,,,,
1990-07-09,,,,,,,
1990-07-16,,,,,,,
1990-07-23,,,,,,,
1990-07-30,,,,,,,
1990-08-06,,,,,,,
1990-08-13,,,,,,,
1990-08-20,,,,,,,
1990-08-27,,,,,,,
1990-09-03,,,,,,,
1990-09-10,,,,,,,
1990-09-17,,,,,,,
1990-09-24,,,,,,,
1990-10-01,,,,,,,
1990-10-08,,,,,,,
1990-10-15,,,,,,,
1990-10-22,,,,,,,
1990-10-29,,,,,,,
1990-11-05,,,,,,,
1990-11-12,,,,,,,
1990-11-19,,,,,,,
1990-11-26,,,,,,,
1990-12-03,,,,,,,
1990-12-10,,,,,,,
1990-12-17,,,,,,,
1990-12-24,,,,,,,
1990-12-31,,,,,,,
1991-01-07,,,,,,,
1991-01-14,,,,,,,
1991-01-21,,,,,,,
1991-01-28,,,,,,,
1991-02-04,,,,,,,
1991-02-11,,,,,,,
1991-02-18,,,,,,,
1991-02-25,,,,,,,
1991-03-04,,,,,,,
1991-03-11,,,,,,,
1991-03-18,,,,,,,
1991-03-25,,,,,,,
1991-04-01,,,,,,,
1991-04-08,,,,,,,
1991-04-15,,,,,,,
1991-04-22,,,,,,,
1991-04-29,,,,,,,
1991-05-06,,,,,,,
1991-05-13,,,,,,,
1991-05-20,,,,,,,
1991-05-27,,,,,,,
1991-06-03,,,,,,,
1991-06-10,,,,,,,
1991-06-17,,,,,,,
1991-06-24,,,,,,,
1991-07-01,,,,,,,
1991-07-08,,,,,,,
1991-07-15,,,,,,,
1991-07-22,,,,,,,
1991-07-29,,,,,,,
1991-08-05,,,,,,,
1991-08-12,,,,,,,
1991-08-19,,,,,,,
1991-08-26,,,,,,,
1991-09-02,,,,,,,
1991-09-09,,,,,,,
1991-09-16,,,,,,,
1991-09-23,,,,,,,
1991-09-30,,,,,,,
1991-10-07,,,,,,,
1991-10-14,,,,,,,
1991-10-21,,,,,,,
1991-10-28,,,,,,,
1991-11-04,,,,,,,
1991-11-11,,,,,,,
1991-11-18,,,,,,,
1991-11-25,,,,,,,
1991-12-02,,,,,,,
1991-12-09,,,,,,,
1991-12-16,,,,,,,
1991-12-23,,,,,,,
1991-12-30,,,,,,,
1992-01-06,,,,,,,
1992-01-13,,,,,,,
1992-01-20,,,,,,,
1992-01-27,,,,,,,
1992-02-03,,,,,,,
1992-02-10,,,,,,,
1992-02-17,,,,,,,
1992-02-24,,,,,,,
1992-03-02,,,,,,,
1992-03-09,,,,,,,
1992-03-16,,,,,,,
1992-03-23,,,,,,,
1992-03-30,,,,,,,
1992-04-06,,,,,,,
1992-04-13,,,,,,,
1992-04-20,,,,,,,
1992-04-27,,,,,,,
1992-05-04,,,,,,,
1992-05-11,,,,,,,
1992-05-18,,,,,,,
1992-05-25,,,,,,,
1992-06-01,,,,,,,
1992-06-08,,,,,,,
1992-06-15,,,,,,,
1992-06-22,,,,,,,
1992-06-29,,,,,,,
1992-07-06,,,,,,,
1992-07-13,,,,,,,
1992-07-20,,,,,,,
1992-07-27,,,,,,,
1992-08-03,,,,,,,
1992-08-10,,,,,,,
1992-08-17,,,,,,,
1992-08-24,,,,,,,
1992-08-31,,,,,,,
1992-09-07,,,,,,,
1992-09-14,,,,,,,
1992-09-21,,,,,,,
1992-09-28,,,,,,,
1992-10-05,,,,,,,
1992-10-12,,,,,,,
1992-10-19,,,,,,,
1992-10-26,,,,,,,
1992-11-02,,,,,,,
1992-11-09,,,,,,,
1992-11-16,,,,,,,
1992-11-23,,,,,,,
1992-11-30,,,,,,,
1992-12-07,,,,,,,
1992-12-14,,,,,,,
1992-12-21,,,,,,,
1992-12-28,,,,,,,
1993-01-04,,,,,,,
1993-01-11,,,,,,,
1993-01-18,,,,,,,
1993-01-25,,,,,,,
1993-02-01,,,,,,,
1993-02-08,,,,,,,
1993-02-15,,,,,,,
1993-02-22,,,,,,,
1993-03-01,,,,,,,
1993-03-08,,,,,,,
1993-03-15,,,,,,,
1993-03-22,,,,,,,
1993-03-29,,,,,,,
1993-04-05,,,,,,,
1993-04-12,,,,,,,
1993-04-19,,,,,,,
1993-04-26,,,,,,,
1993-05-03,,,,,,,
1993-05-10,,,,,,,
1993-05-17,,,,,,,
1993-05-24,,,,,,,
1993-05-31,,,,,,,
1993-06-07,,,,,,,
1993-06-14,,,,,,,
1993-06-21,,,,,,,
1993-06-28,,,,,,,
1993-07-05,,,,,,,
1993-07-12,,,,,,,
1993-07-19,,,,,,,
1993-07-26,,,,,,,
1993-08-02,,,,,,,
1993-08-09,,,,,,,
1993-08-16,,,,,,,
1993-08-23,,,,,,,
1993-08-30,,,,,,,
1993-09-06,,,,,,,
1993-09-13,,,,,,,
1993-09-20,,,,,,,
1993-09-27,,,,,,,
1993-10-04,,,,,,,
1993-10-11,,,,,,,
1993-10-18,,,,,,,
1993-10-25,,,,,,,
1993-11-01,,,,,,,
1993-11-08,,,,,,,
1993-11-15,,,,,,,
1993-11-22,,,,,,,
1993-11-29,,,,,,,
1993-12-06,,,,,,,
1993-12-13,,,,,,,
1993-12-20,,,,,,,
1993-12-27,,,,,,,
1994-01-03,,,,,,,
1994-01-10,,,,,,,
1994-01-17,,,,,,,
1994-01-24,,,,,,,
1994-01-31,,,,,,,
1994-02-07,,,,,,,
1994-02-14,,,,,,,
1994-02-21,,,,,,,
1994-02-28,,,,,,,
1994-03-07,,,,,,,
1994-03-14,,,,,,,
1994-03-21,,,,,,,
1994-03-28,,,,,,,
1994-04-04,,,,,,,
1994-04-11,,,,,,,
1994-04-18,,,,,,,
1994-04-25,,,,,,,
1994-05-02,,,,,,,
1994-05-09,,,,,,,
1994-05-16,,,,,,,
1994-05-23,,,,,,,
1994-05-30,,,,,,,
1994-06-06,,,,,,,
1994-06-13,,,,,,,
1994-06-20,,,,,,,
1994-06-27,,,,,,,
1994-07-04,,,,,,,
1994-07-11,,,,,,,
1994-07-18,,,,,,,
1994-07-25,,,,,,,
1994-08-01,,,,,,,
1994-08-08,,,,,,,
1994-08-15,,,,,,,
1994-08-22,,,,,,,
1994-08-29,,,,,,,
1994-09-05,,,,,,,
1994-09-12,,,,,,,
1994-09-19,,,,,,,
1994-09-26,,,,,,,
1994-10-03,,,,,,,
1994-10-10,,,,,,,
1994-10-17,,,,,,,
1994-10-24,,,,,,,
1994-10-31,,,,,,,
1994-11-07,,,,,,,
1994-11-14,,,,,,,
1994-11-21,,,,,,,
1994-11-28,,,,,,,
1994-12-05,,,,,,,
1994-12-12,,,,,,,
1994-12-19,,,,,,,
1994-12-26,,,,,,,
1995-01-02,,,,,,,
1995-01-09,,,,,,,
1995-01-16,,,,,,,
1995-01-23,,,,,,,
1995-01-30,,,,,,,
1995-02-06,,,,,,,
1995-02-13,,,,,,,
1995-02-20,,,,,,,
1995-02-27,,,,,,,
1995-03-06,,,,,,,
1995-03-13,,,,,,,
1995-03-20,,,,,,,
1995-03-27,,,,,,,
1995-04-03,,,,,,,
1995-04-10,,,,,,,
1995-04-17,,,,,,,
1995-04-24,,,,,,,
1995-05-01,,,,,,,
1995-05-08,,,,,,,
1995-05-15,,,,,,,
1995-05-22,,,,,,,
1995-05-29,,,,,,,
1995-06-05,,,,,,,
1995-06-12,,,,,,,
1995-06-19,,,,,,,
1995-06-26,,,,,,,
1995-07-03,,,,,,,
1995-07-10,,,,,,,
1995-07-17,,,,,,,
1995-07-24,,,,,,,
1995-07-31,,,,,,,
1995-08-07,,,,,,,
1995-08-14,,,,,,,
1995-08-21,,,,,,,
1995-08-28,,,,,,,
1995-09-04,,,,,,,
1995-09-11,,,,,,,
1995-09-18,,,,,,,
1995-09-25,,,,,,,
1995-10-02,,,,,,,
1995-10-09,,,,,,,
1995-10-16,,,,,,,
1995-10-23,,,,,,,
1995-10-30,,,,,,,
1995-11-06,,,,,,,
1995-11-13,,,,,,,
1995-11-20,,,,,,,
1995-11-27,,,,,,,
1995-12-04,,,,,,,
1995-12-11,,,,,,,
1995-12-18,,,,,,,
1995-12-25,,,,,,,
1996-01-01,,,,,,,
1996-01-08,,,,,,,
1996-01-15,,,,,,,
1996-01-22,,,,,,,
1996-01-29,,,,,,,
1996-02-05,,,,,,,
1996-02-12,,,,,,,
1996-02-19,,,,,,,
1996-02-26,,,,,,,
1996-03-04,,,,,,,
1996-03-11,,,,,,,
1996-03-18,,,,,,,
1996-03-25,,,,,,,
1996-04-01,,,,,,,
1996-04-08,,,,,,,
1996-04-15,,,,,,,
1996-04-22,,,,,,,
1996-04-29,,,,,,,
1996-05-06,,,,,,,
1996-05-13,,,,,,,
1996-05-20,,,,,,,
1996-05-27,,,,,,,
1996-06-03,,,,,,,
1996-06-10,,,,,,,
1996-06-17,,,,,,,
1996-06-24,,,,,,,
1996-07-01,,,,,,,
1996-07-08,,,,,,,
1996-07-15,,,,,,,
1996-07-22,,,,,,,
1996-07-29,,,,,,,
1996-08-05,,,,,,,
1996-08-12,,,,,,,
1996-08-19,,,,,,,
1996-08-26,,,,,,,
1996-09-02,,,,,,,
1996-09-09,,,,,,,
1996-09-16,,,,,,,
1996-09-23,,,,,,,
1996-09-30,,,,,,,
1996-10-07,,,,,,,
1996-10-14,,,,,,,
1996-10-21,,,,,,,
1996-10-28,,,,,,,
1996-11-04,,,,,,,
1996-11-11,,,,,,,
1996-11-18,,,,,,,
1996-11-25,,,,,,,
1996-12-02,,,,,,,
1996-12-09,,,,,,,
1996-12-16,,,,,,,
1996-12-23,,,,,,,
1996-12-30,,,,,,,
1997-01-06,,,,,,,
1997-01-13,,,,,,,
1997-01-20,,,,,,,
1997-01-27,,,,,,,
1997-02-03,,,,,,,
1997-02-10,,,,,,,
1997-02-17,,,,,,,
1997-02-24,,,,,,,
1997-03-03,,,,,,,
1997-03-10,,,,,,,
1997-03-17,,,,,,,
1997-03-24,,,,,,,
1997-03-31,,,,,,,
1997-04-07,,,,,,,
1997-04-14,,,,,,,
1997-04-21,,,,,,,
1997-04-28,,,,,,,
1997-05-05,,,,,,,
1997-05-12,,,,,,,
1997-05-19,,,,,,,
1997-05-26,,,,,,,
1997-06-02,,,,,,,
1997-06-09,,,,,,,
1997-06-16,,,,,,,
1997-06-23,,,,,,,
1997-06-30,,,,,,,
1997-07-07,,,,,,,
1997-07-14,,,,,,,
1997-07-21,,,,,,,
1997-07-28,,,,,,,
1997-08-04,,,,,,,
1997-08-11,,,,,,,
1997-08-18,,,,,,,
1997-08-25,,,,,,,
1997-09-01,,,,,,,
1997-09-08,,,,,,,
1997-09-15,,,,,,,
1997-09-22,,,,,,,
1997-09-29,,,,,,,
1997-10-06,,,,,,,
1997-10-13,,,,,,,
1997-10-20,,,,,,,
1997-10-27,,,,,,,
1997-11-03,,,,,,,
1997-11-10,,,,,,,
1997-11-17,,,,,,,
1997-11-24,,,,,,,
1997-12-01,,,,,,,
1997-12-08,,,,,,,
1997-12-15,,,,,,,
1997-12-22,,,,,,,
1997-12-29,,,,,,,
1998-01-05,,,,,,,
1998-01-12,,,,,,,
1998-01-19,,,,,,,
1998-01-26,,,,,,,
1998-02-02,,,,,,,
1998-02-09,,,,,,,
1998-02-16,,,,,,,
1998-02-23,,,,,,,
1998-03-02,,,,,,,
1998-03-09,,,,,,,
1998-03-16,,,,,,,
1998-03-23,,,,,,,
1998-03-30,,,,,,,
1998-04-06,,,,,,,
1998-04-13,,,,,,,
1998-04-20,,,,,,,
1998-04-27,,,,,,,
1998-05-04,,,,,,,
1998-05-11,,,,,,,
1998-05-18,,,,,,,
1998-05-25,,,,,,,
1998-06-01,,,,,,,
1998-06-08,,,,,,,
1998-06-15,,,,,,,
1998-06-22,,,,,,,
1998-06-29,,,,,,,
1998-07-06,,,,,,,
1998-07-13,,,,,,,
1998-07-20,,,,,,,
1998-07-27,,,,,,,
1998-08-03,,,,,,,
1998-08-10,,,,,,,
1998-08-17,,,,,,,
1998-08-24,,,,,,,
1998-08-31,,,,,,,
1998-09-07,,,,,,,
1998-09-14,,,,,,,
1998-09-21,,,,,,,
1998-09-28,,,,,,,
1998-10-05,,,,,,,
1998-10-12,,,,,,,
1998-10-19,,,,,,,
1998-10-26,,,,,,,
1998-11-02,,,,,,,
1998-11-09,,,,,,,
1998-11-16,,,,,,,
1998-11-23,,,,,,,
1998-11-30,,,,,,,
1998-12-07,,,,,,,
1998-12-14,,,,,,,
1998-12-21,,,,,,,
1998-12-28,,,,,,,
1999-01-04,,,,,,,
1999-01-11,,,,,,,
1999-01-18,,,,,,,
1999-01-25,,,,,,,
1999-02-01,,,,,,,
1999-02-08,,,,,,,
1999-02-15,,,,,,,
1999-02-22,,,,,,,
1999-03-01,,,,,,,
1999-03-08,,,,,,,
1999-03-15,,,,,,,
1999-03-22,,,,,,,
1999-03-29,,,,,,,
1999-04-05,,,,,,,
1999-04-12,,,,,,,
1999-04-19,,,,,,,
1999-04-26,,,,,,,
1999-05-03,,,,,,,
1999-05-10,,,,,,,
1999-05-17,,,,,,,
1999-05-24,,,,,,,
1999-05-31,,,,,,,
1999-06-07,,,,,,,
1999-06-14,,,,,,,
1999-06-21,,,,,,,
1999-06-28,,,,,,,
1999-07-05,,,,,,,
1999-07-12,,,,,,,
1999-07-19,,,,,,,
1999-07-26,,,,,,,
1999-08-02,,,,,,,
1999-08-09,,,,,,,
1999-08-16,,,,,,,
1999-08-23,,,,,,,
1999-08-30,,,,,,,
1999-09-06,,,,,,,
1999-09-13,,,,,,,
1999-09-20,,,,,,,
1999-09-27,,,,,,,
1999-10-04,,,,,,,
1999-10-11,,,,,,,
1999-10-18,,,,,,,
1999-10-25,,,,,,,
1999-11-01,,,,,,,
1999-11-08,,,,,,,
1999-11-15,,,,,,,
1999-11-22,,,,,,,
1999-11-29,,,,,,,
1999-12-06,,,,,,,
1999-12-13,,,,,,,
1999-12-20,,,,,,,
1999-12-27,,,,,,,
2000-01-03,,,,,,,
2000-01-10,,,,,,,
2000-01-17,,,,,,,
2000-01-24,,,,,,,
2000-01-31,,,,,,,
2000-02-07,,,,,,,
2000-02-14,,,,,,,
2000-02-21,,,,,,,
2000-02-28,,,,,,,
2000-03-06,,,,,,,
2000-03-13,,,,,,,
2000-03-20,,,,,,,
2000-03-27,,,,,,,
2000-04-03,,,,,,,
2000-04-10,,,,,,,
2000-04-17,,,,,,,
2000-04-24,,,,,,,
2000-05-01,,,,,,,
2000-05-08,,,,,,,
2000-05-15,,,,,,,
2000-05-22,,,,,,,
2000-05-29,,,,,,,
2000-06-05,,,,,,,
2000-06-12,,,,,,,
2000-06-19,,,,,,,
2000-06-26,,,,,,,
2000-07-03,,,,,,,
2000-07-10,,,,,,,
2000-07-17,,,,,,,
2000-07-24,,,,,,,
2000-07-31,,,,,,,
2000-08-07,,,,,,,
2000-08-14,,,,,,,
2000-08-21,,,,,,,
2000-08-28,,,,,,,
2000-09-04,,,,,,,
2000-09-11,,,,,,,
2000-09-18,,,,,,,
2000-09-25,,,,,,,
2000-10-02,,,,,,,
2000-10-09,,,,,,,
2000-10-16,,,,,,,
2000-10-23,,,,,,,
2000-10-30,,,,,,,
2000-11-06,,,,,,,
2000-11-13,,,,,,,
2000-11-20,,,,,,,
2000-11-27,,,,,,,
2000-12-04,,,,,,,
2000-12-11,,,,,,,
2000-12-18,,,,,,,
2000-12-25,,,,,,,
2001-01-01,,,,,,,
2001-01-08,,,,,,,
2001-01-15,,,,,,,
2001-01-22,,,,,,,
2001-01-29,,,,,,,
2001-02-05,,,,,,,
2001-02-12,,,,,,,
2001-02-19,,,,,,,
2001-02-26,,,,,,,
2001-03-05,,,,,,,
2001-03-12,,,,,,,
2001-03-19,,,,,,,
2001-03-26,,,,,,,
2001-04-02,,,,,,,
2001-04-09,,,,,,,
2001-04-16,,,,,,,
2001-04-23,,,,,,,
2001-04-30,,,,,,,
2001-05-07,,,,,,,
2001-05-14,,,,,,,
2001-05-21,,,,,,,
2001-05-28,,,,,,,
2001-06-04,,,,,,,
2001-06-11,,,,,,,
2001-06-18,,,,,,,
2001-06-25,,,,,,,
2001-07-02,,,,,,,
2001-07-09,,,,,,,
2001-07-16,,,,,,,
2001-07-23,,,,,,,
2001-07-30,,,,,,,
2001-08-06,,,,,,,
2001-08-13,,,,,,,
2001-08-20,,,,,,,
2001-08-27,,,,,,,
2001-09-03,,,,,,,
2001-09-10,,,,,,,
2001-09-17,,,,,,,
2001-09-24,,,,,,,
2001-10-01,,,,,,,
2001-10-08,,,,,,,
2001-10-15,,,,,,,
2001-10-22,,,,,,,
2001-10-29,,,,,,,
2001-11-05,,,,,,,
2001-11-12,,,,,,,
2001-11-19,,,,,,,
2001-11-26,,,,,,,
2001-12-03,,,,,,,
2001-12-10,,,,,,,
2001-12-17,,,,,,,
2001-12-24,,,,,,,
2001-12-31,,,,,,,
2002-01-07,,,,,,,
2002-01-14,,,,,,,
2002-01-21,,,,,,,
2002-01-28,,,,,,,
2002-02-04,,,,,,,
2002-02-11,,,,,,,
2002-02-18,,,,,,,
2002-02-25,,,,,,,
2002-03-04,,,,,,,
2002-03-11,,,,,,,
2002-03-18,,,,,,,
2002-03-25,,,,,,,
2002-04-01,,,,,,,
2002-04-08,,,,,,,
2002-04-15,,,,,,,
2002-04-22,,,,,,,
2002-04-29,,,,,,,
2002-05-06,,,,,,,
2002-05-13,,,,,,,
2002-05-20,,,,,,,
2002-05-27,,,,,,,
2002-06-03,,,,,,,
2002-06-10,,,,,,,
2002-06-17,,,,,,,
2002-06-24,,,,,,,
2002-07-01,,,,,,,
2002-07-08,,,,,,,
2002-07-15,,,,,,,
2002-07-22,,,,,,,
2002-07-29,,,,,,,
2002-08-05,,,,,,,
2002-08-12,,,,,,,
2002-08-19,,,,,,,
2002-08-26,,,,,,,
2002-09-02,,,,,,,
2002-09-09,,,,,,,
2002-09-16,,,,,,,
2002-09-23,,,,,,,
2002-09-30,,,,,,,
2002-10-07,,,,,,,
2002-10-14,,,,,,,
2002-10-21,,,,,,,
2002-10-28,,,,,,,
2002-11-04,,,,,,,
2002-11-11,,,,,,,
2002-11-18,,,,,,,
2002-11-25,,,,,,,
2002-12-02,,,,,,,
2002-12-09,,,,,,,
2002-12-16,,,,,,,
2002-12-23,,,,,,,
2002-12-30,,,,,,,
2003-01-06,,,,,,,
2003-01-13,,,,,,,
2003-01-20,,,,,,,
2003-01-27,,,,,,,
2003-02-03,,,,,,,
2003-02-10,,,,,,,
2003-02-17,,,,,,,
2003-02-24,,,,,,,
2003-03-03,,,,,,,
2003-03-10,,,,,,,
2003-03-17,,,,,,,
2003-03-24,,,,,,,
2003-03-31,,,,,,,
2003-04-07,,,,,,,
2003-04-14,,,,,,,
2003-04-21,,,,,,,
2003-04-28,,,,,,,
2003-05-05,,,,,,,
2003-05-12,,,,,,,
2003-05-19,,,,,,,
2003-05-26,,,,,,,
2003-06-02,,,,,,,
2003-06-09,,,,,,,
2003-06-16,,,,,,,
2003-06-23,,,,,,,
2003-06-30,,,,,,,
2003-07-07,,,,,,,
2003-07-14,,,,,,,
2003-07-21,,,,,,,
2003-07-28,,,,,,,
2003-08-04,,,,,,,
2003-08-11,,,,,,,
2003-08-18,,,,,,,
2003-08-25,,,,,,,
2003-09-01,,,,,,,
2003-09-08,,,,,,,
2003-09-15,,,,,,,
2003-09-22,,,,,,,
2003-09-29,,,,,,,
2003-10-06,,,,,,,
2003-10-13,,,,,,,
2003-10-20,,,,,,,
2003-10-27,,,,,,,
2003-11-03,,,,,,,
2003-11-10,,,,,,,
2003-11-17,,,,,,,
2003-11-24,,,,,,,
2003-12-01,,,,,,,
2003-12-08,,,,,,,
2003-12-15,,,,,,,
2003-12-22,,,,,,,
2003-12-29,,,,,,,
2004-01-05,,,,,,,
2004-01-12,,,,,,,
2004-01-19,,,,,,,
2004-01-26,,,,,,,
2004-02-02,,,,,,,
2004-02-09,,,,,,,
2004-02-16,,,,,,,
2004-02-23,,,,,,,
2004-03-01,,,,,,,
2004-03-08,,,,,,,
2004-03-15,,,,,,,
2004-03-22,,,,,,,
2004-03-29,,,,,,,
2004-04-05,,,,,,,
2004-04-12,,,,,,,
2004-04-19,,,,,,,
2004-04-26,,,,,,,
2004-05-03,,,,,,,
2004-05-10,,,,,,,
2004-05-17,,,,,,,
2004-05-24,,,,,,,
2004-05-31,,,,,,,
2004-06-07,,,,,,,
2004-06-14,,,,,,,
2004-06-21,,,,,,,
2004-06-28,,,,,,,
2004-07-05,,,,,,,
2004-07-12,,,,,,,
2004-07-19,,,,,,,
2004-07-26,,,,,,,
2004-08-02,,,,,,,
2004-08-09,,,,,,,
2004-08-16,,,,,,,
2004-08-23,,,,,,,
2004-08-30,,,,,,,
2004-09-06,,,,,,,
2004-09-13,,,,,,,
2004-09-20,,,,,,,
2004-09-27,,,,,,,
2004-10-04,,,,,,,
2004-10-11,,,,,,,
2004-10-18,,,,,,,
2004-10-25,,,,,,,
2004-11-01,,,,,,,
2004-11-08,,,,,,,
2004-11-15,,,,,,,
2004-11-22,,,,,,,
2004-11-29,,,,,,,
2004-12-06,,,,,,,
2004-12-13,,,,,,,
2004-12-20,,,,,,,
2004-12-27,,,,,,,
2005-01-03,,,,,,,
2005-01-10,,,,,,,
2005-01-17,,,,,,,
2005-01-24,,,,,,,
2005-01-31,,,,,,,
2005-02-07,,,,,,,
2005-02-14,,,,,,,
2005-02-21,,,,,,,
2005-02-28,,,,,,,
2005-03-07,,,,,,,
2005-03-14,,,,,,,
2005-03-21,,,,,,,
2005-03-28,,,,,,,
2005-04-04,,,,,,,
2005-04-11,,,,,,,
2005-04-18,,,,,,,
2005-04-25,,,,,,,
2005-05-02,,,,,,,
2005-05-09,,,,,,,
2005-05-16,,,,,,,
2005-05-23,,,,,,,
2005-05-30,,,,,,,
2005-06-06,,,,,,,
2005-06-13,,,,,,,
2005-06-20,,,,,,,
2005-06-27,,,,,,,
2005-07-04,,,,,,,
2005-07-11,,,,,,,
2005-07-18,,,,,,,
2005-07-25,,,,,,,
2005-08-01,,,,,,,
2005-08-08,,,,,,,
2005-08-15,,,,,,,
2005-08-22,,,,,,,
2005-08-29,,,,,,,
2005-09-05,,,,,,,
2005-09-12,,,,,,,
2005-09-19,,,,,,,
2005-09-26,,,,,,,
2005-10-03,,,,,,,
2005-10-10,,,,,,,
2005-10-17,,,,,,,
2005-10-24,,,,,,,
2005-10-31,,,,,,,
2005-11-07,,,,,,,
2005-11-14,,,,,,,
2005-11-21,,,,,,,
2005-11-28,,,,,,,
2005-12-05,,,,,,,
2005-12-12,,,,,,,
2005-12-19,,,,,,,
2005-12-26,,,,,,,
2006-01-02,,,,,,,
2006-01-09,,,,,,,
2006-01-16,,,,,,,
2006-01-23,,,,,,,
2006-01-30,,,,,,,
2006-02-06,,,,,,,
2006-02-13,,,,,,,
2006-02-20,,,,,,,
2006-02-27,,,,,,,
2006-03-06,,,,,,,
2006-03-13,,,,,,,
2006-03-20,,,,,,,
2006-03-27,,,,,,,
2006-04-03,,,,,,,
2006-04-10,,,,,,,
2006-04-17,,,,,,,
2006-04-24,,,,,,,
2006-05-01,,,,,,,
2006-05-08,,,,,,,
2006-05-15,,,,,,,
2006-05-22,,,,,,,
2006-05-29,,,,,,,
2006-06-05,,,,,,,
2006-06-12,,,,,,,
2006-06-19,,,,,,,
2006-06-26,,,,,,,
2006-07-03,,,,,,,
2006-07-10,,,,,,,
2006-07-17,,,,,,,
2006-07-24,,,,,,,
2006-07-31,,,,,,,
2006-08-07,,,,,,,
2006-08-14,,,,,,,
2006-08-21,,,,,,,
2006-08-28,,,,,,,
2006-09-04,,,,,,,
2006-09-11,,,,,,,
2006-09-18,,,,,,,
2006-09-25,,,,,,,
2006-10-02,,,,,,,
2006-10-09,,,,,,,
2006-10-16,,,,,,,
2006-10-23,,,,,,,
2006-10-30,,,,,,,
2006-11-06,,,,,,,
2006-11-13,,,,,,,
2006-11-20,,,,,,,
2006-11-27,,,,,,,
2006-12-04,,,,,,,
2006-12-11,,,,,,,
2006-12-18,,,,,,,
2006-12-25,,,,,,,
2007-01-01,,,,,,,
2007-01-08,,,,,,,
2007-01-15,,,,,,,
2007-01-22,,,,,,,
2007-01-29,,,,,,,
2007-02-05,,,,,,,
2007-02-12,,,,,,,
2007-02-19,,,,,,,
2007-02-26,,,,,,,
2007-03-05,,,,,,,
2007-03-12,,,,,,,
2007-03-19,,,,,,,
2007-03-26,,,,,,,
2007-04-02,,,,,,,
2007-04-09,,,,,,,
2007-04-16,,,,,,,
2007-04-23,,,,,,,
2007-04-30,4.28,2654.91,4.63,,4.28,,88669.3
2007-05-07,4.28,2654.91,4.63,,4.28,,
2007-05-14,4.24,2632.08,4.59,,4.24,,52499.7
2007-05-21,4.56,2834.29,4.94,,4.56,,64246.0
2007-05-28,4.69,2910.94,5.08,,4.69,,56044.8
2007-06-04,4.49,2788.63,4.86,,4.49,,64459.5
2007-06-11,5.54,3442.57,6.0,,5.54,,81278.7
2007-06-18,5.85,3630.11,6.33,,5.85,,50376.9
2007-06-25,4.95,3075.65,5.36,,4.95,,31621.1
2007-07-02,5.09,3160.45,5.51,,5.09,,26471.4
2007-07-09,4.99,3096.85,5.4,,4.99,,17966.8
2007-07-16,4.73,2935.4,5.12,,4.73,,7911.3
2007-07-23,4.98,3091.96,5.39,,4.98,,12008.8
2007-07-30,5.26,3266.45,5.7,,5.26,,35576.3
2007-08-06,5.83,3621.96,6.32,,5.83,,52821.5
2007-08-13,5.28,3277.86,5.72,,5.28,,35627.2
2007-08-20,6.13,3809.5,6.64,,6.13,,41203.5
2007-08-27,5.97,3708.39,6.47,46.4,5.97,,29765.0
2007-09-03,6.43,3995.41,6.97,50.0,6.43,,35239.6
2007-09-10,7.01,4352.55,7.59,54.4,7.01,,39689.9
2007-09-17,7.41,4598.79,8.02,57.5,7.41,,21987.5
2007-09-24,6.93,4303.63,7.5,53.8,6.93,,14319.1
2007-10-01,6.76,4200.89,7.33,52.5,6.76,,9863.2
2007-10-08,6.75,4191.1,7.31,52.4,6.75,,3308.7
2007-10-15,6.12,3801.35,6.63,47.5,6.12,,19107.9
2007-10-22,5.86,3636.64,6.34,45.5,5.86,,13354.0
2007-10-29,5.53,3436.05,5.99,39.5,5.53,,11875.3
2007-11-05,5.99,3718.17,6.48,42.7,5.99,,28269.4
2007-11-12,5.12,3176.76,5.54,36.5,5.12,,10794.5
2007-11-19,5.44,3380.61,5.89,38.8,5.44,,10749.1
2007-11-26,5.59,3470.3,6.05,39.9,5.59,,16964.2
2007-12-03,5.14,3191.43,5.57,36.7,5.14,,17517.2
2007-12-10,5.61,3486.6,6.08,40.1,5.61,,24084.1
2007-12-17,5.99,3718.17,6.48,42.7,5.99,,33504.8
2007-12-24,6.3,3913.87,6.82,45.0,6.3,,29865.7
2007-12-31,6.66,4137.29,7.21,47.5,6.66,,18959.1
2008-01-07,6.27,4359.07,7.6,50.1,6.27,,17463.6
2008-01-14,6.22,4323.19,7.54,49.7,6.22,,28205.1
2008-01-21,5.75,3997.04,6.97,45.9,5.75,,25198.5
2008-01-28,4.95,3440.94,6.0,39.5,4.95,,19637.7
2008-02-04,5.3,3687.19,6.43,42.4,5.3,,11939.4
2008-02-11,5.45,3793.19,6.61,43.6,5.45,,3254.4
2008-02-18,5.91,4109.56,7.17,47.2,5.91,,14405.9
2008-02-25,5.81,4044.33,7.05,46.5,5.81,,25372.2
2008-03-03,5.85,4067.16,7.09,46.7,5.85,,22144.9
2008-03-10,5.34,3714.92,6.48,41.7,5.34,,24953.9
2008-03-17,4.78,3325.16,5.8,37.3,4.78,,9173.3
2008-03-24,4.49,3124.57,5.45,35.1,4.49,,15257.4
2008-03-31,4.37,3039.77,5.3,34.1,4.37,,8381.2
2008-04-07,3.7,2576.63,4.49,28.9,3.7,,14591.9
2008-04-14,3.48,2421.71,4.22,27.2,3.48,,13223.5
2008-04-21,3.07,2136.32,3.73,24.0,3.07,,9985.3
2008-04-28,3.41,2372.78,4.14,26.6,3.41,,31091.4
2008-05-05,3.82,2658.17,4.64,29.8,3.82,,14226.0
2008-05-12,4.05,2817.99,4.91,32.9,4.05,,23344.8
2008-05-19,3.8,2643.49,4.61,30.9,3.8,,27577.2
2008-05-26,3.11,2159.97,3.77,25.3,3.11,,11015.6
2008-06-02,3.15,2194.21,3.83,25.7,3.15,,6873.2
2008-06-09,3.04,2113.49,3.69,24.7,3.04,,6811.6
2008-06-16,3.01,2096.37,3.66,24.5,3.01,,19858.2
2008-06-23,2.35,1631.59,2.85,19.1,2.35,,65689.7
2008-06-30,2.35,1634.04,2.85,19.1,2.35,,17328.8
2008-07-07,2.56,1780.81,3.11,20.8,2.56,,11463.4
2008-07-14,2.64,1834.63,3.2,21.4,2.64,42873.1,13113.4
2008-07-21,2.67,1859.09,3.24,21.7,2.67,75539.8,23037.9
2008-07-28,3.05,2118.38,3.69,24.8,3.05,170306.2,47505.1
2008-08-04,2.91,2022.98,3.53,23.7,2.91,126399.8,35039.3
2008-08-11,2.4,1670.73,2.91,19.5,2.4,63870.6,18961.4
2008-08-18,2.13,1484.82,2.59,17.4,2.13,28361.7,10093.8
2008-08-25,2.29,1590.01,2.77,17.9,2.29,24862.6,8934.9
2008-09-01,2.12,1475.04,2.57,16.6,2.12,17263.6,6585.4
2008-09-08,1.94,1350.29,2.35,15.2,1.94,12939.2,5200.3
2008-09-15,1.9,1323.38,2.31,14.9,1.9,9175.3,3975.7
2008-09-22,1.93,1340.5,2.34,15.1,1.93,25314.1,11220.3
2008-09-29,1.83,1274.45,2.22,14.3,1.83,16160.1,7314.8
2008-10-06,1.74,1213.3,2.12,13.6,1.74,2704.3,1272.8
2008-10-13,1.61,1120.35,1.95,12.6,1.61,8042.0,4021.5
2008-10-20,1.49,1034.73,1.8,11.6,1.49,10415.7,5767.0
2008-10-27,1.3,907.53,1.58,10.2,1.3,23230.2,13046.8
2008-11-03,1.35,936.88,1.63,10.8,1.35,20750.4,12726.8
2008-11-10,1.51,1046.96,1.83,12.1,1.51,21577.0,12654.0
2008-11-17,1.76,1225.53,2.14,14.2,1.76,64729.0,33022.8
2008-11-24,1.53,1066.53,1.86,12.3,1.53,56395.5,28576.6
2008-12-01,1.76,1225.53,2.14,14.2,1.76,57546.9,28113.1
2008-12-08,1.98,1377.19,2.4,15.9,1.98,159560.9,71137.4
2008-12-15,2.0,1391.87,2.43,16.1,2.0,124265.7,51144.8
2008-12-22,2.34,1626.7,2.84,18.8,2.34,98157.8,36025.5
2008-12-29,2.2,1533.75,2.67,17.7,2.2,132326.7,47680.3
2009-01-05,1.9,1629.15,2.84,18.8,1.9,68561.0,25337.2
2009-01-12,2.04,1749.01,3.05,20.2,2.04,174342.9,58601.7
2009-01-19,1.91,1638.93,2.86,19.0,1.91,106155.1,36569.2
2009-01-26,1.91,1638.93,2.86,19.0,1.91,48608.6,16774.8
2009-02-02,1.98,1700.09,2.96,19.7,1.98,26104.9,9040.4
2009-02-09,2.07,1771.03,3.09,20.5,2.07,162137.1,53763.4
2009-02-16,2.34,2000.97,3.49,23.1,2.34,353103.4,105084.6
2009-02-23,2.24,1920.24,3.35,22.2,2.24,131372.1,40490.0
2009-03-02,1.88,1612.03,2.81,18.6,1.88,113333.8,36674.6
2009-03-09,1.86,1592.46,2.78,18.4,1.86,120701.5,41543.1
2009-03-16,2.04,1751.46,3.05,22.4,2.04,126847.3,43074.0
2009-03-23,2.14,1834.63,3.2,23.5,2.14,173601.3,55223.6
2009-03-30,2.18,1866.43,3.25,23.9,2.18,165208.5,51461.3
2009-04-06,2.21,1893.33,3.3,24.3,2.21,96932.9,29430.8
2009-04-13,2.68,2296.95,4.01,29.4,2.68,530020.8,142751.1
2009-04-20,2.65,2267.6,3.95,29.1,2.65,299041.8,75488.5
2009-04-27,2.18,1866.43,3.25,23.9,2.18,205132.5,56954.8
2009-05-04,2.41,2064.57,3.6,26.5,2.41,149203.1,43660.8
2009-05-11,2.37,2030.32,3.54,28.6,2.37,364916.1,95441.4
2009-05-18,2.46,2111.04,3.68,29.7,2.46,140552.0,38832.1
2009-05-25,2.39,2045.0,3.57,28.8,2.39,168860.0,45608.3
2009-06-01,2.44,2091.47,3.65,29.5,2.44,55293.3,15179.7
2009-06-08,2.5,2140.4,3.73,30.1,2.5,138398.3,37288.2
2009-06-15,2.54,2177.09,3.8,30.7,2.54,206266.5,53737.6
2009-06-22,2.62,2240.69,3.91,31.6,2.62,184953.3,48680.1
2009-06-29,2.51,2147.74,3.75,30.2,2.51,295021.4,76683.4
2009-07-06,2.77,2370.34,4.13,33.4,2.77,326334.4,82312.7
2009-07-13,2.77,2372.78,4.14,33.4,2.77,156488.8,38470.9
2009-07-20,3.29,2822.88,4.92,39.8,3.29,470336.8,101829.4
2009-07-27,3.14,2690.79,4.69,37.9,3.14,264650.6,56459.3
2009-08-03,3.26,2793.52,4.87,39.3,3.26,245228.0,51830.5
2009-08-10,3.14,2693.23,4.7,37.9,3.14,163116.7,34522.7
2009-08-17,2.74,2343.43,4.09,33.0,2.74,90693.8,19912.6
2009-08-24,3.07,2634.52,4.59,42.3,3.07,88010.0,20236.3
2009-08-31,2.81,2409.48,4.2,38.7,2.81,158502.5,34086.1
2009-09-07,3.14,2690.79,4.69,43.2,3.14,67616.6,15094.2
2009-09-14,3.15,2700.57,4.71,43.4,3.15,117070.7,25124.2
2009-09-21,3.15,2698.12,4.7,43.3,3.15,209367.2,43296.1
2009-09-28,2.87,2458.4,4.29,39.5,2.87,63823.7,14096.4
2009-10-05,2.88,2470.63,4.31,39.7,2.88,22212.4,5198.1
2009-10-12,3.08,2636.97,4.6,42.4,3.08,21754.6,4796.6
2009-10-19,3.17,2717.69,4.74,43.7,3.17,102060.1,21853.9
2009-10-26,3.19,2732.37,4.76,33.0,3.19,294879.8,60732.4
2009-11-02,3.23,2764.17,4.82,33.4,3.23,139591.9,29724.0
2009-11-09,3.52,3013.68,5.26,36.5,3.52,341732.6,66954.2
2009-11-16,3.69,3162.9,5.52,38.3,3.69,247260.6,46295.3
2009-11-23,3.88,3326.79,5.8,40.2,3.88,255593.9,45665.0
2009-11-30,3.58,3065.05,5.34,37.1,3.58,340031.1,60989.8
2009-12-07,3.82,3272.97,5.71,39.6,3.82,318577.8,56046.2
2009-12-14,3.98,3407.51,5.94,41.2,3.98,316669.1,54086.9
2009-12-21,3.91,3348.8,5.84,40.5,3.91,265209.1,44805.3
2009-12-28,4.1,3510.25,6.12,42.5,4.1,223906.6,37156.0
2010-01-04,3.23,3539.61,6.17,42.8,3.56,213378.5,35200.9
2010-01-11,3.59,3930.99,6.85,47.5,3.96,435505.7,66348.8
2010-01-18,3.95,4324.82,7.54,52.3,4.35,453911.0,63405.2
2010-01-25,3.44,3769.55,6.57,45.6,3.8,367835.4,52271.0
2010-02-01,2.91,3194.7,5.57,33.6,3.22,318096.7,52980.1
2010-02-08,2.98,3268.08,5.7,34.4,3.29,213258.0,37081.1
2010-02-15,3.04,3336.57,5.82,35.1,3.36,67022.6,11584.8
2010-02-22,3.04,3336.57,5.82,35.1,3.36,,
2010-03-01,3.16,3466.22,6.04,36.5,3.49,214002.4,36479.8
2010-03-08,3.11,3409.96,5.95,35.9,3.43,210948.9,34587.0
2010-03-15,2.93,3209.37,5.6,33.8,3.23,103923.3,18005.3
2010-03-22,3.09,3390.39,5.91,35.7,3.41,102653.5,17703.3
2010-03-29,3.17,3473.56,6.06,36.5,3.5,240885.9,40311.1
2010-04-05,3.2,3505.36,6.11,36.9,3.53,188602.1,31366.1
2010-04-12,3.45,3779.33,6.59,39.8,3.8,510224.6,79103.4
2010-04-19,3.18,3485.79,6.08,36.7,3.51,187492.8,29975.0
2010-04-26,3.18,3480.9,6.07,36.6,3.5,189421.1,31212.7
2010-05-03,2.68,2935.4,5.12,30.9,2.96,111514.9,19909.2
2010-05-10,2.49,2732.37,4.76,26.2,2.75,83811.8,16761.1
2010-05-17,2.28,2497.54,4.36,23.9,2.51,66554.9,14309.3
2010-05-24,2.49,2732.37,4.76,26.2,2.75,98443.1,21943.3
2010-05-31,2.59,2840.0,4.95,27.2,2.86,158422.1,31926.1
2010-06-07,2.56,2800.86,4.88,26.8,2.82,75198.5,15435.1
2010-06-14,2.89,3169.03,5.01,27.5,2.89,68461.4,13654.3
2010-06-21,2.77,3036.77,4.8,26.3,2.77,35590.5,7399.4
2010-06-28,2.67,2926.09,4.62,25.4,2.67,35982.1,7594.1
2010-07-05,2.51,2750.64,4.35,23.9,2.51,39325.5,8830.6
2010-07-12,2.65,2904.5,4.59,25.2,2.65,38153.9,8468.8
2010-07-19,2.59,2839.71,4.49,24.6,2.59,43257.9,9728.7
2010-07-26,2.77,3039.46,4.8,26.4,2.77,93833.3,19872.3
2010-08-02,3.48,3811.48,6.02,33.1,3.48,319961.1,56919.2
2010-08-09,3.81,4181.29,6.61,36.3,3.81,421616.5,67412.1
2010-08-16,4.31,4723.86,7.46,41.0,4.31,638690.3,87222.5
2010-08-23,4.94,5412.19,8.55,47.0,4.94,606978.8,73949.8
2010-08-30,5.3,5814.39,9.19,55.2,5.3,587474.3,68989.7
2010-09-06,4.83,5298.82,8.37,50.3,4.83,791856.0,91721.7
2010-09-13,4.72,5169.25,8.17,49.1,4.72,709521.2,84251.2
2010-09-20,4.54,4972.2,7.86,47.2,4.54,688750.3,85625.4
2010-09-27,4.53,4966.8,7.85,47.2,4.53,45762.2,5806.4
2010-10-04,5.46,5989.85,9.47,56.9,5.46,658401.0,71619.4
2010-10-11,5.55,6087.02,9.62,57.8,5.55,290850.0,30286.7
2010-10-18,5.85,6410.95,10.13,60.9,5.85,607281.2,61092.7
2010-10-25,5.9,6467.63,10.22,61.5,5.9,451907.1,44159.3
2010-11-01,7.23,7925.28,12.52,89.5,7.23,807905.6,72953.9
2010-11-08,7.46,8179.02,12.92,92.4,7.46,529867.4,42034.0
2010-11-15,7.36,8065.65,12.75,91.1,7.36,549656.9,42835.8
2010-11-22,7.2,7895.59,12.48,89.2,7.2,469291.4,38164.9
2010-11-29,8.43,9245.27,14.61,104.4,8.43,626057.6,45418.3
2010-12-06,8.34,9145.39,14.45,103.3,8.34,398235.6,27722.2
2010-12-13,8.52,9334.34,14.75,105.4,8.52,585885.3,39695.2
2010-12-20,7.73,8473.25,13.39,95.7,7.73,652018.6,45992.3
2010-12-27,7.18,7868.6,12.43,88.9,7.18,380577.9,29702.7
2011-01-03,7.66,8516.44,13.46,96.2,7.66,290162.8,22881.2
2011-01-10,7.22,8025.16,12.68,90.6,7.22,399209.8,31743.4
2011-01-17,5.93,6597.2,10.42,74.5,5.93,321053.4,27410.7
2011-01-24,6.87,7633.75,12.06,86.2,6.87,637772.5,53968.5
2011-01-31,6.7,7450.2,11.77,84.1,6.7,411873.6,35764.6
2011-02-07,6.61,7344.92,11.61,83.0,6.61,40401.1,3482.9
2011-02-14,6.97,7749.82,12.25,87.5,6.97,347628.4,28932.1
2011-02-21,7.76,8629.81,13.64,97.5,7.76,668297.1,51815.7
2011-02-28,7.32,8135.84,12.86,87.2,7.32,625670.9,47995.0
2011-03-07,7.23,8041.36,12.71,86.1,7.23,350905.7,27854.9
2011-03-14,7.83,8710.79,13.76,93.3,7.83,806919.6,60389.4
2011-03-21,7.91,8791.77,13.89,94.2,7.91,719548.8,51930.9
2011-03-28,7.72,8581.23,13.56,91.9,7.72,498963.4,36739.7
2011-04-04,7.46,8295.09,13.11,88.9,7.46,354891.7,27338.1
2011-04-11,7.45,8281.59,13.09,88.7,7.45,435704.0,30287.6
2011-04-18,8.25,9172.38,14.49,98.3,8.25,912653.9,65996.1
2011-04-25,7.65,8502.94,13.44,91.1,7.65,873837.2,61216.1
2011-05-02,7.68,8535.34,13.49,91.4,7.68,323975.3,24874.6
2011-05-09,7.85,8729.69,13.79,62.2,7.85,584297.9,42367.3
2011-05-16,7.66,8519.14,13.46,60.7,7.66,554289.1,40274.1
2011-05-23,7.45,8281.59,13.09,59.0,7.45,336258.3,25298.3
2011-05-30,6.22,6921.13,10.94,49.3,6.22,1213749.0,97671.8
2011-06-06,5.87,6521.62,10.31,46.5,5.87,459383.4,45321.7
2011-06-13,5.9,6559.41,10.37,46.7,5.9,361800.8,34942.9
2011-06-20,5.53,6143.71,9.71,43.8,5.53,268224.1,26244.1
2011-06-27,6.14,6829.35,10.79,48.7,6.14,1084469.0,107984.5
2011-07-04,6.41,7131.68,11.27,50.8,6.41,1654113.0,153051.1
2011-07-11,6.36,7066.89,11.17,50.3,6.36,952919.2,85518.0
2011-07-18,6.5,7228.85,11.42,51.5,6.5,1056960.0,92060.6
2011-07-25,5.7,6338.07,10.02,45.2,5.7,517906.6,47812.2
2011-08-01,5.95,6618.8,10.46,47.2,5.95,350366.8,34457.9
2011-08-08,5.24,5830.59,9.21,41.5,5.24,440308.3,43365.7
2011-08-15,5.61,6240.89,9.86,44.5,5.61,373283.6,39643.2
2011-08-22,5.31,5906.17,9.33,42.1,5.31,313301.6,32659.8
2011-08-29,5.29,5884.58,9.3,36.3,5.29,403784.8,43198.6
2011-09-05,4.94,5495.87,8.68,33.9,4.94,238322.7,26258.0
2011-09-12,4.74,5269.13,8.33,32.5,4.74,255190.4,29376.9
2011-09-19,4.35,4837.23,7.64,29.9,4.35,234173.6,29374.3
2011-09-26,4.56,5074.77,8.02,31.3,4.56,470680.8,57362.2
2011-10-03,4.33,4810.23,7.6,29.7,4.33,271401.4,33530.1
2011-10-10,4.4,4891.21,7.73,30.2,4.4,29916.3,3915.9
2011-10-17,4.58,5090.97,8.04,31.4,4.58,282896.7,35495.6
2011-10-24,3.9,4335.15,6.85,32.8,3.9,204318.4,27801.5
2011-10-31,4.13,4588.89,7.25,34.7,4.13,260630.9,36688.0
2011-11-07,4.43,4923.61,7.78,37.2,4.43,518595.2,67071.0
2011-11-14,4.54,5053.18,7.99,38.2,4.54,797469.7,98730.9
2011-11-21,4.01,4453.92,7.04,33.7,4.01,320555.6,42505.6
2011-11-28,3.83,4259.57,6.73,32.2,3.83,187757.7,27424.9
2011-12-05,3.48,3865.47,6.11,29.2,3.48,175078.8,26513.2
2011-12-12,3.47,3854.67,6.09,29.1,3.47,78468.3,12776.5
2011-12-19,3.36,3741.3,5.91,28.3,3.36,139284.2,25416.6
2011-12-26,3.29,3654.92,5.78,27.6,3.29,279485.1,48460.4
2012-01-02,3.36,3800.68,6.01,28.7,3.36,322013.5,55238.2
2012-01-09,3.56,4032.82,6.37,30.5,3.56,421658.1,70756.6
2012-01-16,3.3,3735.9,5.9,28.2,3.3,521553.4,81770.9
2012-01-23,3.41,3865.47,6.11,29.2,3.41,201285.9,32749.6
2012-01-30,3.48,3941.05,6.23,29.8,3.48,45360.4,7285.8
2012-02-06,3.62,4103.01,6.48,31.0,3.62,430409.5,71314.8
2012-02-13,3.71,4205.58,6.65,31.8,3.71,699620.9,109113.1
2012-02-20,3.64,4124.6,6.52,31.2,3.64,585185.1,88124.2
2012-02-27,3.9,4421.53,6.99,33.4,3.9,1008405.0,144305.1
2012-03-05,3.89,4399.93,6.95,33.3,3.89,465225.5,66957.1
2012-03-12,3.87,4383.74,6.93,33.1,3.87,361113.0,52912.9
2012-03-19,3.65,4130.0,6.53,31.2,3.65,515484.4,77316.5
2012-03-26,3.5,3968.04,6.27,55.7,3.5,242753.9,39063.9
2012-04-02,3.06,3460.56,5.47,48.6,3.06,226480.1,38173.0
2012-04-09,3.26,3692.71,5.84,51.8,3.26,97058.5,17064.8
2012-04-16,3.32,3762.89,5.95,52.8,3.32,414147.3,68865.4
2012-04-23,3.07,3471.36,5.49,48.7,3.07,253635.9,43768.7
2012-04-30,3.09,3498.35,5.53,49.1,3.09,145675.8,26344.8
2012-05-07,3.07,3482.16,5.5,,3.07,117475.9,21422.6
2012-05-14,3.03,3433.57,5.43,,3.03,139798.6,25221.7
2012-05-21,3.06,3465.96,5.48,,3.06,113043.4,20789.2
2012-05-28,2.97,3357.99,5.31,,2.97,199357.6,36426.0
2012-06-04,2.94,3325.6,5.26,,2.94,124682.7,23128.9
2012-06-11,2.91,3298.6,5.21,,2.91,83606.8,16103.9
2012-06-18,2.87,3244.62,5.13,,2.87,74631.9,14490.1
2012-06-25,2.66,3012.47,4.76,,2.66,70749.3,14071.9
2012-07-02,2.65,3001.67,4.74,,2.65,165340.6,33829.7
2012-07-09,2.39,2704.74,4.27,,2.39,114635.0,25547.9
2012-07-16,2.28,2585.98,4.09,,2.28,68026.1,15939.9
2012-07-23,2.4,2715.54,4.29,,2.4,301647.1,67528.4
2012-07-30,2.32,2623.77,4.15,,2.32,122251.2,28315.6
2012-08-06,2.39,2710.14,4.28,,2.39,100749.2,24296.2
2012-08-13,2.34,2650.76,4.19,,2.34,161346.8,36959.0
2012-08-20,2.39,2704.74,4.27,,2.39,85669.3,20346.9
2012-08-27,2.25,2553.58,4.04,,2.25,96705.1,22713.5
2012-09-03,2.3,2607.57,4.12,,2.3,42729.3,10479.5
2012-09-10,2.44,2764.13,4.37,,2.44,93728.9,21902.5
2012-09-17,2.38,2693.95,4.26,,2.38,183081.3,41413.2
2012-09-24,2.32,2623.77,4.15,,2.32,63902.0,15391.1
2012-10-01,2.37,2683.15,4.24,,2.37,63624.9,15413.9
2012-10-08,2.42,2742.54,4.33,,2.42,28256.9,6626.8
2012-10-15,2.6,2942.29,4.65,,2.6,583138.9,126176.8
2012-10-22,2.59,2931.49,4.63,,2.59,829488.7,171109.2
2012-10-29,2.38,2699.35,4.27,,2.38,163125.8,36285.0
2012-11-05,2.41,2731.74,4.32,,2.41,93617.4,21670.9
2012-11-12,2.34,2650.76,4.19,,2.34,94041.1,22274.6
2012-11-19,2.29,2596.77,4.1,,2.29,80187.3,19198.4
2012-11-26,2.3,2607.57,4.12,,2.3,83205.3,20001.5
2012-12-03,1.94,2191.87,3.46,,1.94,52613.1,14072.8
2012-12-10,2.12,2397.02,3.79,,2.12,74407.9,20251.3
2012-12-17,2.22,2515.79,3.98,,2.22,101447.8,26549.6
2012-12-24,2.15,2434.81,3.85,,2.15,90346.4,23065.7
2012-12-31,2.23,2526.59,3.99,,2.23,103507.5,26092.3
2013-01-07,2.23,2553.58,4.04,,2.23,44901.0,11194.4
2013-01-14,2.45,2801.92,4.43,,2.45,294945.8,68950.3
2013-01-21,2.41,2753.33,4.35,,2.41,132913.6,30512.1
2013-01-28,2.28,2612.97,4.13,,2.28,91273.1,21870.5
2013-02-04,2.22,2537.39,4.01,,2.22,128232.6,31426.8
2013-02-11,2.28,2607.57,4.12,,2.28,63709.6,15676.7
2013-02-18,2.31,2645.36,4.18,,2.31,22803.1,5504.1
2013-02-25,2.24,2564.38,4.05,,2.24,101579.1,24672.3
2013-03-04,2.29,2618.37,4.14,,2.29,174880.5,41827.0
2013-03-11,2.4,2742.54,4.33,,2.4,166707.1,39140.3
2013-03-18,2.12,2429.41,3.84,,2.12,99575.9,24452.9
2013-03-25,2.2,2515.79,3.98,,2.2,62309.5,15912.7
2013-04-01,2.08,2375.43,3.75,,2.08,48510.1,12705.8
2013-04-08,2.02,2316.04,3.66,,2.02,24409.8,6631.7
2013-04-15,1.97,2256.66,3.57,,1.97,36083.3,9811.8
2013-04-22,2.02,2316.04,3.66,107.3,2.02,37897.0,10475.9
2013-04-29,1.93,2208.07,3.49,87.0,1.93,34695.6,9726.3
2013-05-06,1.99,2278.25,3.6,89.8,1.99,20658.3,5825.0
2013-05-13,2.03,2321.44,3.67,91.5,2.03,44974.6,12404.2
2013-05-20,2.1,2407.82,3.8,94.9,2.1,67545.4,18174.3
2013-05-27,2.13,2440.21,3.86,96.2,2.13,111065.5,29137.4
2013-06-03,2.11,2413.22,3.81,95.1,2.11,82232.2,21287.0
2013-06-10,1.99,2278.25,3.6,89.8,1.99,51738.6,14059.0
2013-06-17,1.99,2272.85,3.59,89.6,1.99,21312.5,6000.2
2013-06-24,1.92,2197.27,3.47,86.6,1.92,117187.1,32046.8
2013-07-01,1.76,2013.71,3.18,79.4,1.76,82502.0,25751.9
2013-07-08,1.7,1943.53,3.07,76.6,1.7,60853.5,19089.9
2013-07-15,1.78,2035.31,3.22,80.2,1.78,53430.9,16826.0
2013-07-22,1.73,1981.32,3.13,78.1,1.73,58437.0,18107.0
2013-07-29,1.79,2051.5,3.24,80.9,1.79,63426.6,19622.4
2013-08-05,1.82,2078.5,3.28,81.9,1.82,58666.3,18256.1
2013-08-12,1.96,2245.86,3.55,88.5,1.96,122743.2,36117.1
2013-08-19,1.95,2235.06,3.53,88.1,1.95,104326.1,29623.1
2013-08-26,1.95,2229.66,3.52,77.1,1.95,79687.3,22537.3
2013-09-02,1.96,2240.46,3.54,77.4,1.96,104279.6,29418.4
2013-09-09,1.98,2267.45,3.58,78.4,1.98,116420.9,32349.0
2013-09-16,1.98,2267.45,3.58,78.4,1.98,106721.6,29472.8
2013-09-23,1.96,2245.86,3.55,77.6,1.96,36312.3,10313.6
2013-09-30,1.93,2213.47,3.5,76.5,1.93,66702.3,19104.4
2013-10-07,1.93,2213.47,3.5,76.5,1.93,,
2013-10-14,1.98,2267.45,3.58,78.4,1.98,77820.4,21845.3
2013-10-21,1.97,2251.26,3.56,77.8,1.97,64094.0,18211.3
2013-10-28,1.88,2148.68,3.4,92.6,1.88,90659.1,25590.8
2013-11-04,1.84,2100.09,3.32,90.5,1.84,43435.0,13230.2
2013-11-11,1.77,2029.91,3.21,87.4,1.77,35619.2,10963.1
2013-11-18,1.85,2121.69,3.35,91.4,1.85,50594.9,15433.9
2013-11-25,1.84,2100.09,3.32,90.5,1.84,39738.2,11897.5
2013-12-02,1.79,2046.11,3.23,88.1,1.79,55247.4,16517.8
2013-12-09,1.87,2137.88,3.38,92.1,1.87,42573.8,12789.1
2013-12-16,1.88,2148.68,3.4,92.6,1.88,42623.4,12662.3
2013-12-23,1.78,2040.71,3.22,87.9,1.78,43036.3,13011.4
2013-12-30,1.8,2062.3,3.26,88.8,1.8,31726.1,9779.7
2014-01-06,1.7,2019.11,3.19,87.0,1.7,32530.9,9994.9
2014-01-13,1.62,1921.94,3.04,82.8,1.62,38353.4,12216.0
2014-01-20,1.6,1905.74,3.01,82.1,1.6,25769.6,8439.5
2014-01-27,1.72,2051.5,3.24,88.4,1.72,85323.3,26319.2
2014-02-03,1.76,2089.3,3.3,90.0,1.76,29287.3,8914.3
2014-02-10,1.83,2175.67,3.44,93.7,1.83,44839.3,13145.1
2014-02-17,1.86,2218.86,3.51,95.6,1.86,96911.2,27896.3
2014-02-24,1.84,2186.47,3.46,94.2,1.84,92604.4,26778.4
2014-03-03,1.84,2186.47,3.46,94.2,1.84,90979.9,27013.4
2014-03-10,1.95,2316.04,3.66,99.8,1.95,219228.3,60973.8
2014-03-17,1.9,2262.05,3.57,97.4,1.9,172166.3,48384.6
2014-03-24,1.98,2359.23,3.73,75.2,1.98,178230.0,49378.7
2014-03-31,1.89,2251.26,3.56,71.8,1.89,178994.4,48224.6
2014-04-07,1.95,2316.04,3.66,73.8,1.95,55980.1,15525.9
2014-04-14,1.96,2332.24,3.69,74.4,1.96,92289.8,25261.9
2014-04-21,1.96,2332.24,3.69,74.4,1.96,97149.5,26317.2
2014-04-28,1.79,2127.09,3.36,59.2,1.79,69055.8,19463.6
2014-05-05,1.85,2202.67,3.48,61.3,1.85,21357.4,6262.7
2014-05-12,1.86,2213.47,3.5,61.6,1.86,43117.3,12537.5
2014-05-19,1.98,2359.23,3.73,65.6,1.98,120185.8,33103.4
2014-05-26,1.95,2321.44,3.67,64.6,1.95,110703.6,30009.1
2014-06-02,2.01,2386.22,3.77,66.4,2.01,82180.3,22276.6
2014-06-09,2.12,2521.19,3.98,70.1,2.12,494351.9,122271.6
2014-06-16,2.28,2710.14,4.28,75.4,2.28,339288.5,83740.1
2014-06-23,2.25,2677.75,4.23,74.5,2.25,381215.8,90084.6
2014-06-30,2.18,2591.37,4.09,72.1,2.18,218123.4,52512.8
2014-07-07,2.25,2677.75,4.23,74.5,2.25,216628.6,51222.4
2014-07-14,2.2,2618.37,4.14,72.8,2.2,175554.8,42728.3
2014-07-21,2.38,2828.92,4.47,78.7,2.38,349807.8,80105.1
2014-07-28,2.39,2839.71,4.49,79.0,2.39,273114.9,61634.4
2014-08-04,2.42,2877.5,4.55,80.0,2.42,266950.9,58619.5
2014-08-11,2.54,3023.27,4.78,84.1,2.54,258977.3,55680.2
2014-08-18,2.7,3212.22,5.08,89.3,2.7,405138.6,81517.5
2014-08-25,2.7,3212.22,5.08,66.3,2.7,304658.0,60031.1
2014-09-01,2.64,3142.04,4.97,64.9,2.64,227097.8,46535.8
2014-09-08,2.69,3201.43,5.06,66.1,2.69,164150.3,32771.1
2014-09-15,2.74,3255.41,5.14,67.2,2.74,355698.9,70497.8
2014-09-22,2.6,3093.45,4.89,63.9,2.6,273083.1,54654.4
2014-09-29,2.94,3503.75,5.54,72.4,2.94,481358.9,91543.6
2014-10-06,2.93,3482.16,5.5,71.9,2.93,64092.3,11623.4
2014-10-13,3.07,3654.92,5.78,75.5,3.07,316645.3,57380.8
2014-10-20,3.03,3606.33,5.7,74.5,3.03,346335.4,60644.6
2014-10-27,2.94,3492.96,5.52,61.7,2.94,212849.6,37891.7
2014-11-03,3.25,3870.86,6.12,68.3,3.25,462526.2,78359.8
2014-11-10,3.33,3962.64,6.26,70.0,3.33,439960.0,72102.1
2014-11-17,2.92,3471.36,5.49,61.3,2.92,573211.7,98215.0
2014-11-24,3.12,3708.9,5.86,65.5,3.12,307308.9,52767.4
2014-12-01,3.23,3849.27,6.08,68.0,3.23,327341.6,53382.2
2014-12-08,3.15,3746.7,5.92,66.2,3.15,357388.3,59090.9
2014-12-15,3.06,3644.12,5.76,64.3,3.06,433301.6,75866.1
2014-12-22,2.54,3023.27,4.78,53.4,2.54,431411.1,82638.7
2014-12-29,2.79,3320.2,5.25,58.6,2.79,736646.3,135146.3
2015-01-05,2.63,3125.84,4.94,55.2,2.63,370493.4,74040.3
2015-01-12,2.62,3120.45,4.93,55.1,2.62,358147.8,73335.8
2015-01-19,2.68,3185.23,5.03,56.2,2.68,280906.9,56436.0
2015-01-26,2.84,3384.98,5.35,59.8,2.84,276498.3,52905.4
2015-02-02,2.95,3514.55,5.55,62.1,2.95,277896.8,50829.7
2015-02-09,2.9,3455.17,5.46,61.0,2.9,236379.0,42824.7
2015-02-16,2.89,3444.37,5.44,60.8,2.89,179529.1,33302.3
2015-02-23,2.92,3476.76,5.49,61.4,2.92,29860.6,5440.8
2015-03-02,3.12,3708.9,5.86,65.5,3.12,635592.8,110952.1
2015-03-09,3.05,3633.32,5.74,64.1,3.05,423452.9,73170.0
2015-03-16,3.14,3741.3,5.91,66.1,3.14,404802.0,69644.1
2015-03-23,3.39,4032.83,6.37,71.2,3.39,780602.5,125661.8
2015-03-30,3.65,4345.95,6.87,76.7,3.65,1023316.0,157617.8
2015-04-06,4.06,4837.23,7.64,85.4,4.06,950051.9,130035.9
2015-04-13,4.62,5495.87,8.68,97.0,4.62,885619.3,108743.8
2015-04-20,4.78,5690.96,8.16,91.2,4.34,674273.8,76884.6
2015-04-27,5.11,6081.52,8.72,121.4,4.64,1240368.0,140593.4
2015-05-04,4.88,5809.52,8.33,116.0,4.43,728701.3,87265.8
2015-05-11,4.78,5690.96,8.16,113.6,4.34,848814.4,108372.7
2015-05-18,4.77,5677.01,8.14,113.4,4.33,1049106.0,128056.6
2015-05-25,5.62,6688.27,9.59,133.6,5.1,2329766.0,256753.9
2015-06-01,5.8,6897.5,9.89,137.7,5.26,2274254.0,232042.8
2015-06-08,6.54,7783.23,11.16,155.4,5.93,2877438.0,261960.5
2015-06-15,7.53,8954.89,12.84,178.8,6.83,2747251.0,226618.3
2015-06-22,6.99,8320.24,11.93,166.2,6.34,2211904.0,174993.6
2015-06-29,6.33,7532.16,10.8,150.4,5.74,3234349.0,254420.8
2015-07-06,4.87,5799.23,8.21,114.3,4.37,1308193.0,131301.2
2015-07-13,4.87,5799.23,8.21,114.3,4.37,,
2015-07-20,4.87,5799.23,8.21,114.3,4.37,,
2015-07-27,4.87,5799.23,8.21,114.3,4.37,,
2015-08-03,4.96,5898.13,8.35,116.3,4.44,762309.1,83882.3
2015-08-10,5.25,6251.31,8.85,118.3,4.71,1438584.0,172701.1
2015-08-17,5.38,6399.64,9.06,121.1,4.82,1480685.0,164300.3
2015-08-24,4.13,4909.22,6.95,92.9,3.7,858171.0,105040.4
2015-08-31,3.5,4167.54,5.9,78.9,3.14,578468.7,96658.1
2015-09-07,3.12,3708.4,5.25,70.2,2.79,229401.3,43027.3
2015-09-14,3.13,3729.59,5.28,70.6,2.81,467275.1,82861.5
2015-09-21,3.26,3877.93,5.49,73.4,2.92,351644.9,66816.6
2015-09-28,3.29,3913.25,5.54,74.1,2.95,395106.9,71830.5
2015-10-05,3.18,3779.04,5.35,71.5,2.85,80732.9,14982.1
2015-10-12,3.56,4238.17,6.0,80.2,3.19,303871.8,52861.6
2015-10-19,3.74,4450.08,6.3,84.2,3.35,745351.3,120837.1
2015-10-26,3.8,4520.72,6.4,85.6,3.4,729757.0,117088.1
2015-11-02,3.66,4358.25,6.17,72.1,3.28,762788.4,118588.2
2015-11-09,4.08,4859.77,6.88,80.4,3.66,785418.6,118885.1
2015-11-16,4.21,5015.17,7.1,82.9,3.78,931422.0,133479.9
2015-11-23,4.3,5121.13,7.25,84.7,3.86,822902.1,114454.5
2015-11-30,4.15,4937.47,6.99,81.7,3.72,886924.0,120706.4
2015-12-07,4.35,5177.64,7.33,85.6,3.9,499219.1,70767.5
2015-12-14,4.27,5078.74,7.19,84.0,3.82,402241.3,57068.5
2015-12-21,4.42,5255.34,7.44,86.9,3.96,585638.9,79554.1
2015-12-28,4.42,5262.4,7.45,87.0,3.96,714776.5,95155.3
2016-01-04,4.05,4824.45,6.83,79.8,3.63,513194.6,68184.7
2016-01-11,3.45,4111.03,5.82,68.0,3.1,417368.6,63873.5
2016-01-18,3.6,4280.55,6.06,70.8,3.22,279121.8,47876.8
2016-01-25,3.85,4577.23,6.48,75.7,3.45,426062.3,68039.8
2016-02-01,3.37,4005.08,5.67,66.2,3.02,194612.4,33637.6
2016-02-08,3.45,4103.96,5.81,67.9,3.09,112432.2,19443.1
2016-02-15,3.41,4061.58,5.75,67.2,3.06,23094.8,4079.8
2016-02-22,3.89,4633.73,6.56,76.6,3.49,307959.1,49625.0
2016-02-29,3.18,3786.1,5.36,62.6,2.85,355522.5,58492.0
2016-03-07,3.47,4125.15,5.84,68.2,3.11,194934.8,33951.3
2016-03-14,3.48,4139.28,5.86,68.5,3.12,120496.8,20921.0
2016-03-21,3.86,4591.36,6.5,75.9,3.46,1193465.0,189363.3
2016-03-28,3.92,4661.99,6.6,77.1,3.51,855943.6,132273.3
2016-04-04,3.85,4577.23,6.48,75.7,3.45,451311.6,70003.9
