,MTBV,MV,P,PE,PTBV,VA,VO
1990-01-01,,,,,,,
1990-01-08,,,,,,,
1990-01-15,,,,,,,
1990-01-22,,,,,,,
1990-01-29,,,,,,,
1990-02-05,,,,,,,
1990-02-12,,,,,,,
1990-02-19,,,,,,,
1990-02-26,,,,,,,
1990-03-05,,,,,,,
1990-03-12,,,,,,,
1990-03-19,,,,,,,
1990-03-26,,,,,,,
1990-04-02,,,,,,,
1990-04-09,,,,,,,
1990-04-16,,,,,,,
1990-04-23,,,,,,,
1990-04-30,,,,,,,
1990-05-07,,,,,,,
1990-05-14,,,,,,,
1990-05-21,,,,,,,
1990-05-28,,,,,,,
1990-06-04,,,,,,,
1990-06-11,,,,,,,
1990-06-18,,,,,,,
1990-06-25,,,,,,,
1990-07-02,,,,,,,
1990-07-09,,,,,,,
1990-07-16,,,,,,,
1990-07-23,,,,,,,
1990-07-30,,,,,,,
1990-08-06,,,,,,,
1990-08-13,,,,,,,
1990-08-20,,,,,,,
1990-08-27,,,,,,,
1990-09-03,,,,,,,
1990-09-10,,,,,,,
1990-09-17,,,,,,,
1990-09-24,,,,,,,
1990-10-01,,,,,,,
1990-10-08,,,,,,,
1990-10-15,,,,,,,
1990-10-22,,,,,,,
1990-10-29,,,,,,,
1990-11-05,,,,,,,
1990-11-12,,,,,,,
1990-11-19,,,,,,,
1990-11-26,,,,,,,
1990-12-03,,,,,,,
1990-12-10,,,,,,,
1990-12-17,,,,,,,
1990-12-24,,,,,,,
1990-12-31,,,,,,,
1991-01-07,,,,,,,
1991-01-14,,,,,,,
1991-01-21,,,,,,,
1991-01-28,,,,,,,
1991-02-04,,,,,,,
1991-02-11,,,,,,,
1991-02-18,,,,,,,
1991-02-25,,,,,,,
1991-03-04,,,,,,,
1991-03-11,,,,,,,
1991-03-18,,,,,,,
1991-03-25,,,,,,,
1991-04-01,,,,,,,
1991-04-08,,,,,,,
1991-04-15,,,,,,,
1991-04-22,,,,,,,
1991-04-29,,,,,,,
1991-05-06,,,,,,,
1991-05-13,,,,,,,
1991-05-20,,,,,,,
1991-05-27,,,,,,,
1991-06-03,,,,,,,
1991-06-10,,,,,,,
1991-06-17,,,,,,,
1991-06-24,,,,,,,
1991-07-01,,,,,,,
1991-07-08,,,,,,,
1991-07-15,,,,,,,
1991-07-22,,,,,,,
1991-07-29,,,,,,,
1991-08-05,,,,,,,
1991-08-12,,,,,,,
1991-08-19,,,,,,,
1991-08-26,,,,,,,
1991-09-02,,,,,,,
1991-09-09,,,,,,,
1991-09-16,,,,,,,
1991-09-23,,,,,,,
1991-09-30,,,,,,,
1991-10-07,,,,,,,
1991-10-14,,,,,,,
1991-10-21,,,,,,,
1991-10-28,,,,,,,
1991-11-04,,,,,,,
1991-11-11,,,,,,,
1991-11-18,,,,,,,
1991-11-25,,,,,,,
1991-12-02,,,,,,,
1991-12-09,,,,,,,
1991-12-16,,,,,,,
1991-12-23,,,,,,,
1991-12-30,,,,,,,
1992-01-06,,,,,,,
1992-01-13,,,,,,,
1992-01-20,,,,,,,
1992-01-27,,,,,,,
1992-02-03,,,,,,,
1992-02-10,,,,,,,
1992-02-17,,,,,,,
1992-02-24,,,,,,,
1992-03-02,,,,,,,
1992-03-09,,,,,,,
1992-03-16,,,,,,,
1992-03-23,,,,,,,
1992-03-30,,,,,,,
1992-04-06,,,,,,,
1992-04-13,,,,,,,
1992-04-20,,,,,,,
1992-04-27,,,,,,,
1992-05-04,,,,,,,
1992-05-11,,,,,,,
1992-05-18,,,,,,,
1992-05-25,,,,,,,
1992-06-01,,,,,,,
1992-06-08,,,,,,,
1992-06-15,,,,,,,
1992-06-22,,,,,,,
1992-06-29,,,,,,,
1992-07-06,,,,,,,
1992-07-13,,,,,,,
1992-07-20,,,,,,,
1992-07-27,,,,,,,
1992-08-03,,,,,,,
1992-08-10,,,,,,,
1992-08-17,,,,,,,
1992-08-24,,,,,,,
1992-08-31,,,,,,,
1992-09-07,,,,,,,
1992-09-14,,,,,,,
1992-09-21,,,,,,,
1992-09-28,,,,,,,
1992-10-05,,,,,,,
1992-10-12,,,,,,,
1992-10-19,,,,,,,
1992-10-26,,,,,,,
1992-11-02,,,,,,,
1992-11-09,,,,,,,
1992-11-16,,,,,,,
1992-11-23,,,,,,,
1992-11-30,,,,,,,
1992-12-07,,,,,,,
1992-12-14,,,,,,,
1992-12-21,,,,,,,
1992-12-28,,,,,,,
1993-01-04,,,,,,,
1993-01-11,,,,,,,
1993-01-18,,,,,,,
1993-01-25,,,,,,,
1993-02-01,,,,,,,
1993-02-08,,,,,,,
1993-02-15,,,,,,,
1993-02-22,,,,,,,
1993-03-01,,,,,,,
1993-03-08,,,,,,,
1993-03-15,,,,,,,
1993-03-22,,,,,,,
1993-03-29,,,,,,,
1993-04-05,,,,,,,
1993-04-12,,,,,,,
1993-04-19,,,,,,,
1993-04-26,,,,,,,
1993-05-03,,,,,,,
1993-05-10,,,,,,,
1993-05-17,,,,,,,
1993-05-24,,,,,,,
1993-05-31,,,,,,,
1993-06-07,,,,,,,
1993-06-14,,,,,,,
1993-06-21,,,,,,,
1993-06-28,,,,,,,
1993-07-05,,,,,,,
1993-07-12,,,,,,,
1993-07-19,,,,,,,
1993-07-26,,,,,,,
1993-08-02,,,,,,,
1993-08-09,,,,,,,
1993-08-16,,,,,,,
1993-08-23,,,,,,,
1993-08-30,,,,,,,
1993-09-06,,,,,,,
1993-09-13,,,,,,,
1993-09-20,,,,,,,
1993-09-27,,,,,,,
1993-10-04,,,,,,,
1993-10-11,,,,,,,
1993-10-18,,,,,,,
1993-10-25,,,,,,,
1993-11-01,,,,,,,
1993-11-08,,,,,,,
1993-11-15,,,,,,,
1993-11-22,,,,,,,
1993-11-29,,,,,,,
1993-12-06,,,,,,,
1993-12-13,,,,,,,
1993-12-20,,,,,,,
1993-12-27,,,,,,,
1994-01-03,,,,,,,
1994-01-10,,,,,,,
1994-01-17,,,,,,,
1994-01-24,,,,,,,
1994-01-31,,,,,,,
1994-02-07,,,,,,,
1994-02-14,,,,,,,
1994-02-21,,,,,,,
1994-02-28,,,,,,,
1994-03-07,,,,,,,
1994-03-14,,,,,,,
1994-03-21,,,,,,,
1994-03-28,,,,,,,
1994-04-04,,,,,,,
1994-04-11,,,,,,,
1994-04-18,,,,,,,
1994-04-25,,,,,,,
1994-05-02,,,,,,,
1994-05-09,,,,,,,
1994-05-16,,,,,,,
1994-05-23,,,,,,,
1994-05-30,,,,,,,
1994-06-06,,,,,,,
1994-06-13,,,,,,,
1994-06-20,,,,,,,
1994-06-27,,,,,,,
1994-07-04,,,,,,,
1994-07-11,,,,,,,
1994-07-18,,,,,,,
1994-07-25,,,,,,,
1994-08-01,,,,,,,
1994-08-08,,,,,,,
1994-08-15,,,,,,,
1994-08-22,,,,,,,
1994-08-29,,,,,,,
1994-09-05,,,,,,,
1994-09-12,,,,,,,
1994-09-19,,,,,,,
1994-09-26,,,,,,,
1994-10-03,,,,,,,
1994-10-10,,,,,,,
1994-10-17,,,,,,,
1994-10-24,,,,,,,
1994-10-31,,,,,,,
1994-11-07,,,,,,,
1994-11-14,,,,,,,
1994-11-21,,,,,,,
1994-11-28,,,,,,,
1994-12-05,,,,,,,
1994-12-12,,,,,,,
1994-12-19,,,,,,,
1994-12-26,,,,,,,
1995-01-02,,,,,,,
1995-01-09,,,,,,,
1995-01-16,,,,,,,
1995-01-23,,,,,,,
1995-01-30,,,,,,,
1995-02-06,,,,,,,
1995-02-13,,,,,,,
1995-02-20,,,,,,,
1995-02-27,,,,,,,
1995-03-06,,,,,,,
1995-03-13,,,,,,,
1995-03-20,,,,,,,
1995-03-27,,,,,,,
1995-04-03,,,,,,,
1995-04-10,,,,,,,
1995-04-17,,,,,,,
1995-04-24,,,,,,,
1995-05-01,,,,,,,
1995-05-08,,,,,,,
1995-05-15,,,,,,,
1995-05-22,,,,,,,
1995-05-29,,,,,,,
1995-06-05,,,,,,,
1995-06-12,,,,,,,
1995-06-19,,,,,,,
1995-06-26,,,,,,,
1995-07-03,,,,,,,
1995-07-10,,,,,,,
1995-07-17,,,,,,,
1995-07-24,,,,,,,
1995-07-31,,,,,,,
1995-08-07,,,,,,,
1995-08-14,,,,,,,
1995-08-21,,,,,,,
1995-08-28,,,,,,,
1995-09-04,,,,,,,
1995-09-11,,,,,,,
1995-09-18,,,,,,,
1995-09-25,,,,,,,
1995-10-02,,,,,,,
1995-10-09,,,,,,,
1995-10-16,,,,,,,
1995-10-23,,,,,,,
1995-10-30,,,,,,,
1995-11-06,,,,,,,
1995-11-13,,,,,,,
1995-11-20,,,,,,,
1995-11-27,,,,,,,
1995-12-04,,,,,,,
1995-12-11,,,,,,,
1995-12-18,,,,,,,
1995-12-25,,,,,,,
1996-01-01,,,,,,,
1996-01-08,,,,,,,
1996-01-15,,,,,,,
1996-01-22,,,,,,,
1996-01-29,,,,,,,
1996-02-05,,,,,,,
1996-02-12,,,,,,,
1996-02-19,,,,,,,
1996-02-26,,,,,,,
1996-03-04,,,,,,,
1996-03-11,,,,,,,
1996-03-18,,,,,,,
1996-03-25,,,,,,,
1996-04-01,,,,,,,
1996-04-08,,,,,,,
1996-04-15,,,,,,,
1996-04-22,,,,,,,
1996-04-29,,,,,,,
1996-05-06,,,,,,,
1996-05-13,,,,,,,
1996-05-20,,,,,,,
1996-05-27,,,,,,,
1996-06-03,,,,,,,
1996-06-10,,,,,,,
1996-06-17,,,,,,,
1996-06-24,,,,,,,
1996-07-01,,,,,,,
1996-07-08,,,,,,,
1996-07-15,,,,,,,
1996-07-22,,,,,,,
1996-07-29,,,,,,,
1996-08-05,,,,,,,
1996-08-12,,,,,,,
1996-08-19,,,,,,,
1996-08-26,,,,,,,
1996-09-02,,,,,,,
1996-09-09,,,,,,,
1996-09-16,,,,,,,
1996-09-23,,,,,,,
1996-09-30,,,,,,,
1996-10-07,,,,,,,
1996-10-14,,,,,,,
1996-10-21,,,,,,,
1996-10-28,,,,,,,
1996-11-04,,,,,,,
1996-11-11,,,,,,,
1996-11-18,,,,,,,
1996-11-25,,,,,,,
1996-12-02,,,,,,,
1996-12-09,,,,,,,
1996-12-16,,,,,,,
1996-12-23,,,,,,,
1996-12-30,,,,,,,
1997-01-06,,,,,,,
1997-01-13,,,,,,,
1997-01-20,,,,,,,
1997-01-27,,,,,,,
1997-02-03,,,,,,,
1997-02-10,,,,,,,
1997-02-17,,,,,,,
1997-02-24,,,,,,,
1997-03-03,,,,,,,
1997-03-10,,,,,,,
1997-03-17,,,,,,,
1997-03-24,,,,,,,
1997-03-31,,,,,,,
1997-04-07,,,,,,,
1997-04-14,,,,,,,
1997-04-21,,,,,,,
1997-04-28,,,,,,,
1997-05-05,,,,,,,
1997-05-12,,,,,,,
1997-05-19,,,,,,,
1997-05-26,,,,,,,
1997-06-02,,,,,,,
1997-06-09,,,,,,,
1997-06-16,,,,,,,
1997-06-23,,,,,,,
1997-06-30,,,,,,,
1997-07-07,,,,,,,
1997-07-14,,,,,,,
1997-07-21,,,,,,,
1997-07-28,,,,,,,
1997-08-04,,,,,,,
1997-08-11,,,,,,,
1997-08-18,,,,,,,
1997-08-25,,,,,,,
1997-09-01,,,,,,,
1997-09-08,,,,,,,
1997-09-15,,,,,,,
1997-09-22,,,,,,,
1997-09-29,,,,,,,
1997-10-06,,,,,,,
1997-10-13,,,,,,,
1997-10-20,,,,,,,
1997-10-27,,,,,,,
1997-11-03,,,,,,,
1997-11-10,,,,,,,
1997-11-17,,,,,,,
1997-11-24,,,,,,,
1997-12-01,,,,,,,
1997-12-08,,,,,,,
1997-12-15,,,,,,,
1997-12-22,,,,,,,
1997-12-29,,,,,,,
1998-01-05,,,,,,,
1998-01-12,,,,,,,
1998-01-19,,,,,,,
1998-01-26,,,,,,,
1998-02-02,,,,,,,
1998-02-09,,,,,,,
1998-02-16,,,,,,,
1998-02-23,,,,,,,
1998-03-02,,,,,,,
1998-03-09,,,,,,,
1998-03-16,,,,,,,
1998-03-23,,,,,,,
1998-03-30,,,,,,,
1998-04-06,,,,,,,
1998-04-13,,,,,,,
1998-04-20,,,,,,,
1998-04-27,,,,,,,
1998-05-04,,,,,,,
1998-05-11,,,,,,,
1998-05-18,,,,,,,
1998-05-25,,,,,,,
1998-06-01,,,,,,,
1998-06-08,,,,,,,
1998-06-15,,,,,,,
1998-06-22,,,,,,,
1998-06-29,,,,,,,
1998-07-06,,,,,,,
1998-07-13,,,,,,,
1998-07-20,,,,,,,
1998-07-27,,,,,,,
1998-08-03,,,,,,,
1998-08-10,,,,,,,
1998-08-17,,,,,,,
1998-08-24,,,,,,,
1998-08-31,,,,,,,
1998-09-07,,,,,,,
1998-09-14,,,,,,,
1998-09-21,,,,,,,
1998-09-28,,,,,,,
1998-10-05,,,,,,,
1998-10-12,,,,,,,
1998-10-19,,,,,,,
1998-10-26,,,,,,,
1998-11-02,,,,,,,
1998-11-09,,,,,,,
1998-11-16,,,,,,,
1998-11-23,,,,,,,
1998-11-30,,,,,,,
1998-12-07,,,,,,,
1998-12-14,,,,,,,
1998-12-21,,,,,,,
1998-12-28,,,,,,,
1999-01-04,,,,,,,
1999-01-11,,,,,,,
1999-01-18,,,,,,,
1999-01-25,,,,,,,
1999-02-01,,,,,,,
1999-02-08,,,,,,,
1999-02-15,,,,,,,
1999-02-22,,,,,,,
1999-03-01,,,,,,,
1999-03-08,,,,,,,
1999-03-15,,,,,,,
1999-03-22,,,,,,,
1999-03-29,,,,,,,
1999-04-05,,,,,,,
1999-04-12,,,,,,,
1999-04-19,,,,,,,
1999-04-26,,,,,,,
1999-05-03,,,,,,,
1999-05-10,,,,,,,
1999-05-17,,,,,,,
1999-05-24,,,,,,,
1999-05-31,,,,,,,
1999-06-07,,,,,,,
1999-06-14,,,,,,,
1999-06-21,,,,,,,
1999-06-28,,,,,,,
1999-07-05,,,,,,,
1999-07-12,,,,,,,
1999-07-19,,,,,,,
1999-07-26,,,,,,,
1999-08-02,,,,,,,
1999-08-09,,,,,,,
1999-08-16,,,,,,,
1999-08-23,,,,,,,
1999-08-30,,,,,,,
1999-09-06,,,,,,,
1999-09-13,,,,,,,
1999-09-20,,,,,,,
1999-09-27,,,,,,,
1999-10-04,,,,,,,
1999-10-11,,,,,,,
1999-10-18,,,,,,,
1999-10-25,,,,,,,
1999-11-01,,,,,,,
1999-11-08,,,,,,,
1999-11-15,,,,,,,
1999-11-22,,,,,,,
1999-11-29,,,,,,,
1999-12-06,,,,,,,
1999-12-13,,,,,,,
1999-12-20,,,,,,,
1999-12-27,,,,,,,
2000-01-03,,,,,,,
2000-01-10,,,,,,,
2000-01-17,,,,,,,
2000-01-24,,,,,,,
2000-01-31,,,,,,,
2000-02-07,,,,,,,
2000-02-14,,,,,,,
2000-02-21,,,,,,,
2000-02-28,,,,,,,
2000-03-06,,,,,,,
2000-03-13,,,,,,,
2000-03-20,,,,,,,
2000-03-27,,,,,,,
2000-04-03,,,,,,,
2000-04-10,,,,,,,
2000-04-17,,,,,,,
2000-04-24,,,,,,,
2000-05-01,,,,,,,
2000-05-08,,,,,,,
2000-05-15,,,,,,,
2000-05-22,,,,,,,
2000-05-29,,,,,,,
2000-06-05,,,,,,,
2000-06-12,,,,,,,
2000-06-19,,,,,,,
2000-06-26,,,,,,,
2000-07-03,,,,,,,
2000-07-10,,,,,,,
2000-07-17,,,,,,,
2000-07-24,,,,,,,
2000-07-31,,,,,,,
2000-08-07,,,,,,,
2000-08-14,,,,,,,
2000-08-21,,,,,,,
2000-08-28,,,,,,,
2000-09-04,,,,,,,
2000-09-11,,,,,,,
2000-09-18,,,,,,,
2000-09-25,,,,,,,
2000-10-02,,,,,,,
2000-10-09,,,,,,,
2000-10-16,,,,,,,
2000-10-23,,,,,,,
2000-10-30,,,,,,,
2000-11-06,,,,,,,
2000-11-13,,,,,,,
2000-11-20,,,,,,,
2000-11-27,,,,,,,
2000-12-04,,,,,,,
2000-12-11,,,,,,,
2000-12-18,,,,,,,
2000-12-25,,,,,,,
2001-01-01,,,,,,,
2001-01-08,,,,,,,
2001-01-15,,,,,,,
2001-01-22,,,,,,,
2001-01-29,,,,,,,
2001-02-05,,,,,,,
2001-02-12,,,,,,,
2001-02-19,,,,,,,
2001-02-26,,,,,,,
2001-03-05,,,,,,,
2001-03-12,,,,,,,
2001-03-19,,,,,,,
2001-03-26,,,,,,,
2001-04-02,,,,,,,
2001-04-09,,,,,,,
2001-04-16,,,,,,,
2001-04-23,,,,,,,
2001-04-30,,,,,,,
2001-05-07,,,,,,,
2001-05-14,,,,,,,
2001-05-21,,,,,,,
2001-05-28,,,,,,,
2001-06-04,,,,,,,
2001-06-11,,,,,,,
2001-06-18,,,,,,,
2001-06-25,,,,,,,
2001-07-02,,,,,,,
2001-07-09,,,,,,,
2001-07-16,,,,,,,
2001-07-23,,,,,,,
2001-07-30,,,,,,,
2001-08-06,,,,,,,
2001-08-13,,,,,,,
2001-08-20,,,,,,,
2001-08-27,,,,,,,
2001-09-03,,,,,,,
2001-09-10,,,,,,,
2001-09-17,,,,,,,
2001-09-24,,,,,,,
2001-10-01,,,,,,,
2001-10-08,,,,,,,
2001-10-15,,,,,,,
2001-10-22,,,,,,,
2001-10-29,,,,,,,
2001-11-05,,,,,,,
2001-11-12,,,,,,,
2001-11-19,,,,,,,
2001-11-26,,,,,,,
2001-12-03,,,,,,,
2001-12-10,,,,,,,
2001-12-17,,,,,,,
2001-12-24,,,,,,,
2001-12-31,,,,,,,
2002-01-07,,,,,,,
2002-01-14,,,,,,,
2002-01-21,,,,,,,
2002-01-28,,,,,,,
2002-02-04,,,,,,,
2002-02-11,,,,,,,
2002-02-18,,,,,,,
2002-02-25,,,,,,,
2002-03-04,,,,,,,
2002-03-11,,,,,,,
2002-03-18,,,,,,,
2002-03-25,,,,,,,
2002-04-01,,,,,,,
2002-04-08,,,,,,,
2002-04-15,,,,,,,
2002-04-22,3.14,4255.2,2.99,,3.14,,409434.6
2002-04-29,3.22,4374.0,3.07,,3.22,,87927.9
2002-05-06,3.32,4510.8,3.16,,3.32,,67712.8
2002-05-13,3.18,4316.39,3.03,,3.18,,51770.9
2002-05-20,3.02,4104.0,2.88,,3.02,,63201.3
2002-05-27,2.99,4053.6,2.84,,2.99,,41751.2
2002-06-03,2.81,3819.6,2.68,,2.81,,32703.3
2002-06-10,2.91,3949.2,2.77,,2.91,,47987.0
2002-06-17,2.83,3841.2,2.69,,2.83,,15038.6
2002-06-24,3.29,4460.39,3.13,,3.29,,104766.3
2002-07-01,3.41,4622.39,3.24,,3.41,,210889.1
2002-07-08,3.58,4856.4,3.41,,3.58,,152542.1
2002-07-15,3.4,4615.2,3.24,,3.4,,99199.1
2002-07-22,3.33,4525.2,3.17,,3.33,,34233.3
2002-07-29,3.36,4557.6,3.2,,3.36,,17767.2
2002-08-05,3.3,4474.8,3.14,,3.3,,17403.6
2002-08-12,3.23,4381.2,3.07,,3.23,,13438.5
2002-08-19,3.28,4446.0,3.12,,3.28,,11315.9
2002-08-26,3.24,4392.0,3.08,,3.24,,18176.2
2002-09-02,3.21,4352.4,3.05,,3.21,,10331.8
2002-09-09,3.02,4104.0,2.88,,3.02,,21327.9
2002-09-16,3.0,4071.6,2.86,,3.0,,8277.7
2002-09-23,3.06,4158.0,2.92,,3.06,,4785.6
2002-09-30,3.03,4111.2,2.88,,3.03,,8098.7
2002-10-07,3.03,4111.2,2.88,,3.03,,
2002-10-14,2.86,3884.4,2.73,,2.86,,8923.7
2002-10-21,2.82,3834.0,2.69,,2.82,,6543.5
2002-10-28,2.79,3787.2,2.66,,2.79,,8445.2
2002-11-04,2.89,3924.0,2.75,,2.89,,8475.1
2002-11-11,2.82,3834.0,2.69,,2.82,,20932.7
2002-11-18,2.67,3628.8,2.55,,2.67,,12107.8
2002-11-25,2.66,3603.6,2.53,,2.66,,20254.2
2002-12-02,2.53,3438.0,2.41,,2.53,,25662.4
2002-12-09,2.58,3502.8,2.46,,2.58,,9520.8
2002-12-16,2.57,3492.0,2.45,,2.57,,5463.4
2002-12-23,2.66,3607.2,2.53,,2.66,,20287.4
2002-12-30,2.39,3247.2,2.28,,2.39,,13398.6
2003-01-06,2.21,3160.8,2.22,,2.21,,9701.9
2003-01-13,2.3,3286.8,2.31,,2.3,,19750.2
2003-01-20,2.42,3470.4,2.43,,2.42,,45135.0
2003-01-27,2.35,3369.6,2.36,,2.35,,11746.0
2003-02-03,2.51,3589.2,2.52,,2.51,,23863.1
2003-02-10,2.42,3466.8,2.43,,2.42,,5372.9
2003-02-17,2.45,3513.6,2.46,,2.45,,23829.1
2003-02-24,2.4,3430.8,2.41,,2.4,,14945.9
2003-03-03,2.52,3603.6,2.53,,2.52,,18594.1
2003-03-10,2.44,3495.6,2.45,,2.44,,42927.4
2003-03-17,2.34,3344.4,2.35,,2.34,,15064.9
2003-03-24,2.37,3394.8,2.38,,2.37,,9817.2
2003-03-31,2.42,3459.6,2.43,,2.42,,21476.2
2003-04-07,2.33,3330.0,2.34,,2.33,,14280.8
2003-04-14,2.45,3510.0,2.46,,2.45,,58390.8
2003-04-21,2.4,3430.8,2.41,,2.4,,77586.4
2003-04-28,2.23,3189.6,2.24,,2.23,,32153.2
2003-05-05,2.16,3099.6,2.17,,2.16,,12812.4
2003-05-12,2.16,3099.6,2.17,,2.16,,
2003-05-19,2.19,3139.2,2.2,,2.19,,64996.1
2003-05-26,2.14,3070.8,2.15,,2.14,,24661.7
2003-06-02,2.22,3178.8,2.23,,2.22,,44036.4
2003-06-09,2.11,3016.8,2.12,,2.11,,19273.2
2003-06-16,2.14,3067.2,2.15,,2.14,,11018.6
2003-06-23,2.1,3013.2,2.11,36.4,2.1,,15146.3
2003-06-30,2.02,2898.0,2.03,35.0,2.02,,9510.7
2003-07-07,2.04,2916.0,2.05,35.2,2.04,,9007.2
2003-07-14,2.1,3006.0,2.11,36.3,2.1,,15451.7
2003-07-21,2.22,3178.8,2.23,38.4,2.22,,69382.0
2003-07-28,2.13,3052.8,2.14,36.9,2.13,,31773.8
2003-08-04,2.1,3002.4,2.11,36.3,2.1,,15306.8
2003-08-11,2.09,2991.6,2.1,36.1,2.09,,16745.2
2003-08-18,2.07,2970.0,2.08,35.9,2.07,,9053.5
2003-08-25,2.01,2880.0,2.02,29.6,2.01,,14131.9
2003-09-01,2.07,2970.0,2.08,30.6,2.07,,8160.6
2003-09-08,2.04,2916.0,2.05,30.0,2.04,,14491.5
2003-09-15,1.92,2746.8,1.93,28.3,1.92,,9446.1
2003-09-22,1.86,2656.8,1.86,27.3,1.86,,9145.1
2003-09-29,1.82,2602.8,1.83,26.8,1.82,,6048.9
2003-10-06,1.82,2599.2,1.82,26.7,1.82,,2022.9
2003-10-13,1.92,2743.2,1.92,28.2,1.92,,11240.3
2003-10-20,1.85,2646.0,1.86,27.2,1.85,,9227.1
2003-10-27,1.96,2800.8,1.96,28.8,1.96,,19423.2
2003-11-03,1.96,2808.0,1.97,28.9,1.96,,16224.2
2003-11-10,2.04,2916.0,2.05,30.0,2.04,,40237.1
2003-11-17,2.01,2880.0,2.02,29.6,2.01,,12785.5
2003-11-24,2.09,2995.2,2.1,30.8,2.09,,26054.0
2003-12-01,2.16,3088.8,2.17,31.8,2.16,,32607.9
2003-12-08,2.21,3171.6,2.23,32.6,2.21,,57497.1
2003-12-15,2.22,3186.0,2.24,32.8,2.22,,45263.3
2003-12-22,2.29,3276.0,2.3,33.7,2.29,,52687.6
2003-12-29,2.27,3243.6,2.28,33.4,2.27,,55288.8
2004-01-05,1.89,3409.2,2.39,35.1,1.89,,38574.0
2004-01-12,2.0,3621.6,2.54,37.3,2.0,,89067.9
2004-01-19,2.05,3708.0,2.6,38.1,2.05,,60474.9
2004-01-26,2.05,3708.0,2.6,38.1,2.05,,
2004-02-02,1.99,3589.2,2.52,36.9,1.99,,52201.1
2004-02-09,2.05,3700.8,2.6,38.1,2.05,,63832.0
2004-02-16,2.09,3780.0,2.65,38.9,2.09,,60999.5
2004-02-23,2.11,3812.4,2.67,39.2,2.11,,79007.6
2004-03-01,2.27,4096.8,2.87,42.1,2.27,,81633.3
2004-03-08,2.37,4276.8,3.0,44.0,2.37,,65531.5
2004-03-15,2.54,4582.8,3.22,47.1,2.54,,111230.4
2004-03-22,2.54,4593.59,3.22,47.3,2.54,,103187.8
2004-03-29,2.8,5061.6,3.55,52.1,2.8,,81025.3
2004-04-05,2.93,5292.0,3.71,47.4,2.93,,44732.5
2004-04-12,3.28,5929.19,4.16,53.1,3.28,,75527.1
2004-04-19,3.03,5479.2,3.84,49.1,3.03,,59680.9
2004-04-26,2.9,5241.59,3.68,47.0,2.9,,58348.3
2004-05-03,2.78,5018.4,3.52,45.0,2.78,,34645.6
2004-05-10,2.65,4784.4,3.36,42.9,2.65,,4969.8
2004-05-17,2.5,4514.4,3.17,26.4,2.5,,29503.4
2004-05-24,2.49,4503.6,3.16,26.4,2.49,,25264.0
2004-05-31,2.67,4816.8,3.38,28.2,2.67,,36359.3
2004-06-07,2.59,4680.0,3.28,27.4,2.59,,35980.5
2004-06-14,2.51,4536.0,3.18,26.5,2.51,,26663.8
2004-06-21,2.5,4525.2,3.17,26.5,2.5,,18845.5
2004-06-28,2.29,4129.2,2.9,24.2,2.29,,21980.6
2004-07-05,2.54,4586.4,3.22,26.8,2.54,,23956.6
2004-07-12,2.54,4582.8,3.22,26.8,2.54,,22996.4
2004-07-19,2.95,5321.16,3.73,31.1,2.95,,64682.3
2004-07-26,2.89,5227.55,3.67,30.6,2.89,,50460.3
2004-08-02,2.81,5073.12,3.56,29.7,2.81,,23355.2
2004-08-09,2.82,5087.16,3.57,29.8,2.82,,20480.6
2004-08-16,2.91,5260.32,3.69,30.8,2.91,,15683.9
2004-08-23,2.59,4684.68,3.29,27.4,2.59,,33691.5
2004-08-30,2.64,4764.24,3.34,27.9,2.64,,15581.2
2004-09-06,2.66,4811.04,3.38,28.2,2.66,,10280.1
2004-09-13,2.59,4675.32,3.28,27.4,2.59,,11328.6
2004-09-20,3.03,5475.6,3.84,32.0,3.03,,52399.4
2004-09-27,3.14,5672.16,3.98,33.2,3.14,,87696.5
2004-10-04,3.3,5962.32,4.18,34.9,3.3,,36827.7
2004-10-11,3.41,6158.88,4.32,36.0,3.41,,22248.4
2004-10-18,3.01,5447.52,3.82,31.9,3.01,,41204.2
2004-10-25,3.26,5892.12,4.13,34.5,3.26,,39019.3
2004-11-01,3.12,5634.71,3.95,21.5,3.12,,51422.1
2004-11-08,3.06,5527.08,3.88,21.1,3.06,,26309.0
2004-11-15,3.13,5658.11,3.97,21.6,3.13,,33011.9
2004-11-22,3.1,5606.64,3.93,21.4,3.1,,58410.2
2004-11-29,3.01,5438.16,3.82,20.8,3.01,,37000.5
2004-12-06,3.07,5545.8,3.89,21.2,3.07,,18890.9
2004-12-13,3.05,5508.36,3.86,21.0,3.05,,17414.0
2004-12-20,2.99,5396.04,3.79,20.6,2.99,,24253.8
2004-12-27,2.84,5124.6,3.6,19.6,2.84,,19527.5
2005-01-03,2.49,5293.08,3.71,20.2,2.49,,10636.4
2005-01-10,2.25,4773.6,3.35,18.2,2.25,,26071.6
2005-01-17,2.37,5021.64,3.52,19.2,2.37,,48746.5
2005-01-24,2.36,5016.96,3.52,19.2,2.36,,23976.5
2005-01-31,2.29,4867.2,3.41,18.6,2.29,,20248.9
2005-02-07,2.51,5316.48,3.73,20.3,2.51,,35366.8
2005-02-14,2.51,5316.48,3.73,20.3,2.51,,
2005-02-21,2.55,5400.72,3.79,20.6,2.55,,22478.7
2005-02-28,2.74,5812.56,4.08,22.2,2.74,,64839.4
2005-03-07,2.79,5915.52,4.15,22.6,2.79,,40207.3
2005-03-14,2.97,6299.28,4.42,24.1,2.97,,94237.0
2005-03-21,3.31,7015.32,4.92,16.1,3.31,,117855.2
2005-03-28,3.2,6790.68,4.76,15.6,3.2,,76664.0
2005-04-04,3.41,7239.96,5.08,16.6,3.41,,88030.6
2005-04-11,3.51,7441.2,5.22,17.1,3.51,,75954.1
2005-04-18,3.58,7586.27,5.32,17.4,3.58,,48872.0
2005-04-25,3.46,7342.92,5.15,16.9,3.46,,52172.7
2005-05-02,3.15,6692.39,4.69,15.4,3.15,,60506.3
2005-05-09,3.06,6500.52,4.56,14.9,3.06,,10943.7
2005-05-16,2.84,6034.39,4.23,13.9,2.84,,35868.8
2005-05-23,2.64,5601.96,3.93,12.9,2.64,,51449.7
2005-05-30,2.54,5379.19,3.77,12.4,2.54,,30442.3
2005-06-06,2.56,5425.05,3.81,12.5,2.56,,83148.4
2005-06-13,2.59,5497.13,3.86,12.6,2.59,,163672.5
2005-06-20,2.49,5274.36,3.7,12.1,2.49,,111620.1
2005-06-27,2.65,5615.06,3.94,12.9,2.65,,105443.0
2005-07-04,2.49,5280.91,3.7,12.1,2.49,,63017.4
2005-07-11,2.24,4750.2,3.33,10.9,2.24,,44745.0
2005-07-18,2.36,5012.28,3.52,11.5,2.36,,57457.5
2005-07-25,2.23,4730.54,3.32,10.9,2.23,,63419.8
2005-08-01,2.49,5274.36,3.7,12.1,2.49,,80524.3
2005-08-08,2.56,5438.16,3.82,12.5,2.56,,83537.9
2005-08-15,2.88,6099.91,4.28,14.0,2.88,,121592.6
2005-08-22,2.75,5824.73,4.09,13.4,2.75,,83811.1
2005-08-29,2.64,5595.41,3.93,12.9,2.64,,55596.7
2005-09-05,2.77,5877.14,4.12,13.5,2.77,,41144.5
2005-09-12,2.79,5923.0,4.16,13.6,2.79,,87901.6
2005-09-19,2.94,6244.05,4.38,14.3,2.94,,59029.6
2005-09-26,2.73,5791.96,4.06,13.3,2.73,,44153.2
2005-10-03,2.8,5942.66,4.17,13.7,2.8,,30962.3
2005-10-10,2.67,5654.37,3.97,13.0,2.67,,2595.4
2005-10-17,2.51,5333.32,3.74,12.3,2.51,,44025.8
2005-10-24,2.58,5484.02,3.85,12.6,2.58,,34384.3
2005-10-31,2.58,5484.02,3.85,12.6,2.58,,
2005-11-07,2.4,5090.9,3.57,7.2,2.4,,20739.4
2005-11-14,2.27,4822.27,3.38,6.8,2.27,,37918.0
2005-11-21,2.25,4782.96,3.36,6.8,2.25,,10539.3
2005-11-28,2.25,4782.96,3.36,6.8,2.25,,
2005-12-05,2.25,4782.96,3.36,6.8,2.25,,
2005-12-12,1.91,4042.58,2.84,5.7,1.91,,83735.6
2005-12-19,1.87,3977.06,2.79,5.6,1.87,,93094.8
2005-12-26,2.04,4317.76,3.03,6.1,2.04,,134757.3
2006-01-02,1.65,4291.55,3.01,6.1,1.65,,82640.1
2006-01-09,1.72,4488.12,3.15,6.4,1.72,,112608.5
2006-01-16,1.64,4278.45,3.0,6.1,1.64,,108193.1
2006-01-23,1.71,4442.25,3.12,6.3,1.71,,66726.6
2006-01-30,1.75,4553.64,3.19,6.4,1.75,,55246.2
2006-02-06,1.78,4619.16,3.24,6.5,1.78,,26311.8
2006-02-13,1.85,4815.71,3.38,6.8,1.85,,147603.8
2006-02-20,1.76,4586.4,3.22,6.5,1.76,,112228.8
2006-02-27,1.77,4612.6,3.24,6.5,1.77,,81568.9
2006-03-06,1.73,4494.67,3.15,6.4,1.73,,69464.0
2006-03-13,1.77,4599.5,3.23,6.5,1.77,,86320.7
2006-03-20,1.8,4691.23,3.29,6.6,1.8,,65687.4
2006-03-27,1.75,4547.09,3.19,6.6,1.75,,123172.5
2006-04-03,1.73,4514.32,3.17,6.6,1.73,,89378.5
2006-04-10,1.78,4625.71,3.25,6.8,1.78,,142559.6
2006-04-17,1.84,4782.96,3.36,7.0,1.84,,183248.5
2006-04-24,1.87,4855.03,3.41,7.1,1.87,,199426.3
2006-05-01,1.64,4258.8,2.99,6.2,1.64,,166376.6
2006-05-08,1.67,4343.97,3.05,6.8,1.67,,31497.3
2006-05-15,1.8,4691.23,3.29,7.4,1.8,,287055.0
2006-05-22,1.94,5038.48,3.53,7.9,1.94,,305267.3
2006-05-29,1.83,4750.2,3.33,7.4,1.83,,169785.9
2006-06-05,1.88,4881.24,3.42,7.6,1.88,,172050.5
2006-06-12,1.73,4507.77,3.16,7.1,1.73,,138138.5
2006-06-19,1.76,4566.74,3.2,7.2,1.76,,60584.5
2006-06-26,1.74,4533.98,3.18,7.1,1.74,,64532.4
2006-07-03,1.8,4684.68,3.29,7.3,1.8,,93737.2
2006-07-10,1.8,4678.13,3.28,7.3,1.8,,148902.7
2006-07-17,1.72,4481.57,3.14,7.0,1.72,,94825.1
2006-07-24,1.73,4501.22,3.16,7.1,1.73,,49047.5
2006-07-31,1.67,4357.08,3.06,6.8,1.67,,54456.2
2006-08-07,1.57,4088.45,2.87,6.4,1.57,,42416.1
2006-08-14,1.56,4068.79,2.85,6.4,1.56,,27148.0
2006-08-21,1.62,4226.04,2.96,6.6,1.62,,37221.7
2006-08-28,1.62,4219.48,2.96,7.9,1.62,,38385.1
2006-09-04,1.59,4134.31,2.9,7.8,1.59,,46311.6
2006-09-11,1.57,4075.34,2.86,7.7,1.57,,35961.2
2006-09-18,1.72,4475.02,3.14,8.4,1.72,,121031.9
2006-09-25,1.69,4396.39,3.08,8.3,1.69,,103933.3
2006-10-02,1.71,4442.25,3.12,8.4,1.71,,35009.6
2006-10-09,1.79,4658.47,3.27,8.8,1.79,,40489.8
2006-10-16,1.77,4599.5,3.23,8.7,1.77,,85981.2
2006-10-23,1.72,4488.12,3.15,8.5,1.72,,42355.7
2006-10-30,1.89,4920.55,3.45,9.3,1.89,,164252.3
2006-11-06,2.1,5457.81,3.83,9.8,2.1,,260225.0
2006-11-13,2.07,5379.19,3.77,9.6,2.07,,129401.3
2006-11-20,2.35,6106.46,4.28,11.0,2.35,,154653.6
2006-11-27,2.47,6414.41,4.5,11.5,2.47,,106098.1
2006-12-04,2.64,6866.49,4.82,12.3,2.64,,138941.4
2006-12-11,2.54,6604.41,4.63,11.8,2.54,,146998.5
2006-12-18,2.75,7154.78,5.02,12.8,2.75,,149290.3
2006-12-25,2.58,6722.35,4.72,12.1,2.58,,123001.3
2007-01-01,2.13,7122.02,5.0,12.8,2.13,,108369.1
2007-01-08,2.59,8635.54,6.06,15.5,2.59,,122463.6
2007-01-15,3.09,10312.84,7.23,18.5,3.09,,169366.9
2007-01-22,3.46,11564.27,8.11,20.7,3.46,,109405.9
2007-01-29,3.33,11105.63,7.79,19.9,3.33,,118299.1
2007-02-05,2.69,8982.79,6.3,16.1,2.69,,80722.7
2007-02-12,3.11,10378.36,7.28,18.6,3.11,,98825.1
2007-02-19,3.69,12311.2,8.64,22.1,3.69,,83805.1
2007-02-26,3.65,12186.71,8.55,21.9,3.65,,27302.1
2007-03-05,3.14,10496.29,7.36,18.8,3.14,,100745.6
2007-03-12,3.45,11524.96,8.09,20.7,3.45,,69086.7
2007-03-19,3.51,11714.96,8.22,21.0,3.51,,88638.1
2007-03-26,3.66,12232.58,8.58,19.9,3.66,,86330.5
2007-04-02,3.51,11708.42,8.21,19.0,3.51,,113250.1
2007-04-09,3.75,12533.96,8.79,19.2,3.75,,147228.5
2007-04-16,3.86,12887.78,9.04,19.8,3.86,,159989.7
2007-04-23,4.32,14407.84,10.11,22.1,4.32,,134080.9
2007-04-30,4.18,13968.86,9.8,21.4,4.18,,98571.4
2007-05-07,4.18,13968.86,9.8,21.4,4.18,,
2007-05-14,4.3,14348.87,10.07,22.0,4.3,,131317.8
2007-05-21,4.93,16471.72,11.56,25.3,4.93,,144952.9
2007-05-28,4.92,16419.31,11.52,25.2,4.92,,135074.6
2007-06-04,4.2,14027.82,9.84,21.5,4.2,,168171.8
2007-06-11,4.7,15678.93,11.0,24.1,4.7,,109655.1
2007-06-18,5.0,16687.93,11.71,25.6,5.0,,99971.6
2007-06-25,4.61,15397.2,10.8,23.6,4.61,,135232.7
2007-07-02,4.38,14604.4,10.25,22.4,4.38,,106500.5
2007-07-09,4.43,14787.86,10.37,22.7,4.43,,40365.0
2007-07-16,4.28,14283.35,10.02,21.9,4.28,,32237.0
2007-07-23,4.59,15331.67,10.76,23.5,4.59,,48241.3
2007-07-30,4.83,16117.91,11.31,24.7,4.83,,70245.5
2007-08-06,5.55,18535.6,13.0,28.4,5.55,,117687.6
2007-08-13,5.55,18535.6,13.0,28.4,5.55,,
2007-08-20,5.91,19728.06,13.84,27.1,5.91,,71950.3
2007-08-27,6.07,20265.33,14.22,27.8,6.07,,68907.6
2007-09-03,6.93,23148.2,16.24,31.8,6.93,,45163.3
2007-09-10,7.33,24471.71,17.17,33.6,7.33,,100419.9
2007-09-17,7.32,24432.4,17.14,33.6,7.32,,45071.2
2007-09-24,7.22,24104.8,16.91,33.1,7.22,,46912.5
2007-10-01,7.28,24294.8,17.04,33.4,7.28,,31854.8
2007-10-08,7.42,24753.45,17.37,34.0,7.42,,21699.5
2007-10-15,8.52,28455.33,19.96,39.1,8.52,,79613.6
2007-10-22,7.63,25467.62,17.87,35.0,7.63,,44047.5
2007-10-29,7.48,24982.77,17.53,34.3,7.48,,46052.2
2007-11-05,6.87,22925.44,16.08,29.7,6.87,,34681.6
2007-11-12,6.32,21110.53,14.81,27.3,6.32,,37961.8
2007-11-19,6.05,20199.8,14.17,26.2,6.05,,30807.7
2007-11-26,5.97,19918.07,13.97,25.8,5.97,,17855.9
2007-12-03,6.33,21143.29,14.83,27.4,6.33,,33571.1
2007-12-10,6.73,22466.8,15.76,29.1,6.73,,29207.7
2007-12-17,6.41,21385.72,15.0,27.7,6.41,,32063.0
2007-12-24,7.18,23954.11,16.8,31.0,7.18,,26017.5
2007-12-31,7.65,25520.04,17.9,33.0,7.65,,24772.1
2008-01-07,5.84,25520.04,17.9,33.0,5.84,,40535.7
2008-01-14,6.11,26686.29,18.72,34.6,6.11,,47147.2
2008-01-21,5.55,24248.95,17.01,31.4,5.55,,74334.5
2008-01-28,6.22,27144.93,19.04,35.1,6.22,,69518.5
2008-02-04,5.96,26017.98,18.25,33.7,5.96,,36369.1
2008-02-11,5.82,25415.2,17.83,32.9,5.82,,3963.7
2008-02-18,6.3,27524.95,19.31,35.6,6.3,,29977.0
2008-02-25,5.97,26070.4,18.29,33.8,5.97,,25311.2
2008-03-03,6.02,26299.73,18.45,34.1,6.02,,29266.1
2008-03-10,5.49,23980.31,16.82,31.0,5.49,,28829.9
2008-03-17,4.74,20678.11,14.51,26.8,4.74,,40441.8
2008-03-24,4.55,19859.11,13.93,18.5,4.55,,30604.9
2008-03-31,4.94,21575.73,15.14,20.1,4.94,,18487.8
2008-04-07,5.15,22493.0,15.78,20.9,5.15,,18238.6
2008-04-14,5.05,22054.02,15.47,20.5,5.05,,20293.2
2008-04-21,4.71,20566.72,14.43,19.2,4.71,,27177.8
2008-04-28,5.42,23672.37,16.61,22.0,5.42,,32104.9
2008-05-05,5.66,24707.58,17.33,23.0,5.66,,15733.0
2008-05-12,5.85,25539.69,17.92,20.0,5.85,,14542.7
2008-05-19,5.86,25598.66,17.96,20.0,5.86,,28872.0
2008-05-26,5.33,23272.7,16.33,18.2,5.33,,20865.4
2008-06-02,5.21,22728.88,15.95,17.8,5.21,,15109.4
2008-06-09,5.07,22126.09,15.52,17.3,5.07,,9894.6
2008-06-16,4.28,18666.64,13.1,14.6,4.28,,20615.6
2008-06-23,3.74,16347.23,11.47,12.8,3.74,,15211.0
2008-06-30,3.85,16825.53,11.8,13.1,3.85,,10048.9
2008-07-07,3.95,17264.51,12.11,13.5,3.95,,10547.8
2008-07-14,4.23,18456.98,12.95,14.4,4.23,491985.1,37331.0
2008-07-21,4.24,18515.95,12.99,14.5,4.24,312779.7,24716.1
2008-07-28,4.24,18509.4,12.99,14.5,4.24,146419.8,11214.3
2008-08-04,3.93,17172.78,12.05,13.4,3.93,184603.2,14674.9
2008-08-11,3.28,14335.77,10.06,11.2,3.28,204868.8,18815.9
2008-08-18,3.22,14054.04,9.86,11.0,3.22,149943.4,14824.8
2008-08-25,3.06,13379.18,9.39,10.5,3.06,217546.4,22069.3
2008-09-01,3.24,14158.86,9.93,8.6,3.24,279092.0,29157.8
2008-09-08,2.82,12304.65,8.63,7.5,2.82,260113.3,28385.7
2008-09-15,2.67,11662.55,8.18,7.1,2.67,135533.8,15991.4
2008-09-22,2.87,12514.31,8.78,7.6,2.87,931220.1,113855.8
2008-09-29,2.84,12383.28,8.69,7.5,2.84,683590.9,83457.6
2008-10-06,2.55,11151.5,7.82,6.8,2.55,192565.0,24183.0
2008-10-13,1.97,8622.43,6.05,5.2,1.97,649095.0,101673.7
2008-10-20,1.76,7665.84,5.38,4.7,1.76,658071.4,120282.7
2008-10-27,1.5,6565.1,4.61,4.0,1.5,492906.5,93715.3
2008-11-03,1.61,7036.84,4.94,4.1,1.61,348741.8,71836.4
2008-11-10,1.71,7469.28,5.24,4.3,1.71,387969.4,77976.7
2008-11-17,2.21,9631.43,6.76,5.5,2.21,1123333.0,185021.4
2008-11-24,1.86,8111.38,5.69,4.7,1.86,749331.5,119811.7
2008-12-01,1.82,7927.92,5.56,4.6,1.82,450148.5,78935.6
2008-12-08,2.22,9696.96,6.8,5.6,2.22,1422006.0,225710.6
2008-12-15,2.06,8976.23,6.3,5.2,2.06,808615.9,123949.6
2008-12-22,2.08,9067.96,6.36,5.2,2.08,546714.4,85919.9
2008-12-29,1.99,8701.05,6.1,5.0,1.99,268286.9,45247.1
2009-01-05,2.03,8596.22,6.03,5.0,2.03,210367.4,35296.9
2009-01-12,2.22,9382.46,6.58,5.4,2.22,799783.0,122474.4
2009-01-19,2.34,9919.72,6.96,5.7,2.34,686878.7,101366.3
2009-01-26,2.47,10470.09,7.35,6.0,2.47,696437.0,96126.3
2009-02-02,2.55,10784.59,7.57,6.2,2.55,184684.0,24272.4
2009-02-09,3.14,13313.66,9.34,7.7,3.15,1819385.0,212614.8
2009-02-16,3.17,13431.6,9.42,7.7,3.17,2471778.0,264372.8
2009-02-23,2.97,12592.94,8.83,7.3,2.97,1824965.0,211312.7
2009-03-02,2.41,10221.12,7.17,5.9,2.41,1703706.0,210531.3
2009-03-09,2.42,10234.22,7.18,5.9,2.42,1460970.0,197153.4
2009-03-16,2.54,10745.28,7.54,6.2,2.54,1172261.0,153171.2
2009-03-23,3.09,13090.89,9.18,7.5,3.09,2270923.0,269537.6
2009-03-30,3.0,12684.67,8.9,7.3,3.0,2448927.0,269943.8
2009-04-06,3.22,13628.16,9.56,9.4,3.22,2291177.0,242233.9
2009-04-13,3.62,15331.68,10.76,10.6,3.62,2588033.0,262386.6
2009-04-20,3.63,15384.09,10.79,10.6,3.63,2264027.0,213748.8
2009-04-27,2.99,12645.36,8.87,8.7,2.99,1615217.0,164924.5
2009-05-04,3.27,13850.93,9.72,9.6,3.27,827040.0,89494.2
2009-05-11,3.3,13955.76,9.79,11.8,3.3,1918714.0,189379.4
2009-05-18,3.41,14427.5,10.12,12.2,3.41,1151185.0,115565.7
2009-05-25,3.19,13510.22,9.48,11.5,3.19,1355461.0,137724.1
2009-06-01,3.37,14270.25,10.01,12.1,3.37,877403.0,88910.4
2009-06-08,3.42,14479.92,10.16,12.3,3.42,2369174.0,226160.4
2009-06-15,3.26,13798.51,9.68,11.7,3.26,1264006.0,127736.9
2009-06-22,3.38,14296.46,10.03,12.1,3.38,1501917.0,152907.0
2009-06-29,3.29,13929.55,9.77,11.8,3.29,1219016.0,125768.1
2009-07-06,3.35,14178.52,9.95,12.0,3.35,2189537.0,223342.9
2009-07-13,3.4,14414.4,10.11,12.2,3.41,2406790.0,238168.9
2009-07-20,4.18,17690.4,12.41,15.0,4.18,4855365.0,425470.5
2009-07-27,4.3,18188.35,12.76,15.4,4.3,3057712.0,248558.4
2009-08-03,4.73,20009.8,14.04,17.0,4.73,3542683.0,275008.1
2009-08-10,4.24,17952.48,12.59,15.2,4.24,2947870.0,217368.9
2009-08-17,3.57,15122.01,10.61,12.8,3.57,1559163.0,134481.1
2009-08-24,3.49,14781.31,10.37,24.0,3.49,1512070.0,147801.2
2009-08-31,2.9,12291.77,8.62,19.9,2.9,1597438.0,165708.8
2009-09-07,3.12,13222.17,9.28,21.5,3.12,1112159.0,124100.5
2009-09-14,3.46,14663.64,10.29,23.8,3.46,1527755.0,153926.5
2009-09-21,3.24,13707.03,9.62,22.2,3.24,1111819.0,111555.6
2009-09-28,2.86,12108.31,8.49,19.6,2.86,791554.0,88646.8
2009-10-05,2.87,12134.52,8.51,19.7,2.87,158823.8,18783.3
2009-10-12,3.14,13313.91,9.34,21.6,3.15,495207.0,53308.0
2009-10-19,3.3,13969.12,9.8,22.7,3.3,1027497.0,107172.9
2009-10-26,3.5,14807.79,10.39,24.0,3.5,1816294.0,176079.3
2009-11-02,3.36,14204.99,9.97,48.2,3.36,945302.0,95718.8
2009-11-09,3.51,14860.2,10.42,50.5,3.51,1292377.0,125372.7
2009-11-16,3.85,16314.78,11.45,55.4,3.85,2042140.0,186444.4
2009-11-23,3.79,16052.69,11.26,54.5,3.79,1733130.0,153810.4
2009-11-30,3.43,14506.39,10.18,49.3,3.43,1600489.0,151434.6
2009-12-07,3.6,15240.23,10.69,51.7,3.6,1113884.0,106673.0
2009-12-14,3.48,14729.16,10.33,50.0,3.48,901225.3,87871.6
2009-12-21,3.24,13733.24,9.63,46.6,3.24,810778.8,80984.7
2009-12-28,3.24,13720.14,9.63,46.6,3.24,782197.6,82904.2
2010-01-04,3.02,13667.71,9.59,46.4,3.02,558919.0,58057.4
2010-01-11,3.13,14165.67,9.94,48.1,3.13,983632.8,100155.2
2010-01-18,3.53,15960.95,11.2,54.2,3.53,2475134.0,230292.0
2010-01-25,3.09,13995.31,9.82,47.5,3.09,1190539.0,113955.2
2010-02-01,2.8,12684.89,8.9,43.1,2.8,783822.7,83643.3
2010-02-08,2.81,12711.1,8.92,43.2,2.81,520671.9,57739.3
2010-02-15,2.93,13274.58,9.31,45.1,2.93,338865.0,37035.2
2010-02-22,2.91,13169.75,9.24,44.7,2.91,46044.0,4973.5
2010-03-01,3.02,13641.5,9.57,46.3,3.02,454108.4,48226.5
2010-03-08,3.22,14545.69,10.2,49.4,3.22,1262938.0,128003.1
2010-03-15,2.98,13458.04,9.44,45.7,2.98,795048.1,79208.9
2010-03-22,3.18,14401.54,10.1,106.3,3.18,1006652.0,101906.0
2010-03-29,3.09,13995.31,9.82,103.3,3.09,736492.3,75852.3
2010-04-05,3.1,14021.52,9.84,103.5,3.1,486973.8,49993.3
2010-04-12,3.02,13680.81,9.6,101.0,3.02,770830.3,79046.0
2010-04-19,2.82,12776.62,8.96,94.3,2.82,898969.6,93823.9
2010-04-26,2.75,12435.91,8.72,91.8,2.75,600691.2,67928.4
2010-05-03,2.7,12200.04,8.56,90.0,2.7,385379.3,45134.8
2010-05-10,2.49,11282.74,7.92,113.2,2.49,465432.0,58014.7
2010-05-17,2.24,10129.57,7.11,101.7,2.24,436977.1,55719.5
2010-05-24,2.23,10090.25,7.08,101.3,2.23,381903.6,54932.1
2010-05-31,2.16,9775.75,6.86,98.1,2.16,502982.7,70892.2
2010-06-07,2.24,10142.67,7.12,101.8,2.24,384649.9,55855.8
2010-06-14,2.36,10693.05,7.5,107.3,2.36,639969.9,86714.4
2010-06-21,2.25,10181.98,7.14,102.2,2.25,192331.8,26823.9
2010-06-28,2.17,9828.17,6.89,98.6,2.17,138810.8,19926.7
2010-07-05,1.85,8373.6,5.87,84.0,1.85,356719.8,56686.1
2010-07-12,2.05,9251.58,6.49,92.9,2.05,592972.8,93585.3
2010-07-19,2.06,9317.1,6.54,93.5,2.06,371135.0,57392.3
2010-07-26,2.15,9736.44,6.83,97.7,2.15,474243.8,70649.3
2010-08-02,2.27,10286.82,7.22,103.2,2.27,583600.9,83182.9
2010-08-09,2.25,10195.09,7.15,102.3,2.25,539954.2,77128.6
2010-08-16,2.4,10863.4,7.62,109.0,2.4,790909.4,109500.5
2010-08-23,2.33,10548.9,7.4,57.5,2.33,827474.9,110702.5
2010-08-30,2.31,10444.07,7.33,56.9,2.31,382920.7,52475.1
2010-09-06,2.38,10771.67,7.56,58.7,2.38,589167.1,79664.4
2010-09-13,2.4,10863.4,7.62,59.2,2.4,508915.2,67290.3
2010-09-20,2.21,9985.42,7.01,54.4,2.21,354125.1,48540.3
2010-09-27,2.23,10103.36,7.09,55.1,2.23,75588.0,10759.5
2010-10-04,2.2,9972.31,7.0,54.4,2.2,132099.9,18944.2
2010-10-11,2.43,10981.34,7.7,59.9,2.43,441899.4,58626.8
2010-10-18,2.61,11793.8,8.27,64.3,2.61,1269651.0,157886.7
2010-10-25,2.64,11924.84,8.37,65.0,2.64,1046827.0,127086.4
2010-11-01,2.67,12055.89,8.46,46.0,2.67,1008215.0,120940.8
2010-11-08,2.84,12829.04,9.0,49.0,2.84,1496491.0,169621.3
2010-11-15,2.44,11020.65,7.73,42.1,2.44,1069989.0,128815.3
2010-11-22,2.27,10286.82,7.22,39.3,2.27,525493.4,71875.1
2010-11-29,2.29,10339.23,7.25,39.5,2.29,435782.7,61463.8
2010-12-06,2.29,10352.34,7.26,39.5,2.29,313072.7,43829.2
2010-12-13,2.31,10430.96,7.32,39.8,2.31,233829.4,32480.7
2010-12-20,2.3,10417.86,7.31,39.8,2.3,436724.9,58444.2
2010-12-27,2.49,11256.53,7.9,43.0,2.49,988646.8,123696.0
2011-01-03,1.66,10928.92,7.67,41.7,1.96,560130.2,72045.4
2011-01-10,1.7,11204.11,7.86,42.8,2.01,213368.9,27187.4
2011-01-17,1.84,12171.21,7.2,39.2,1.84,404993.1,52031.7
2011-01-24,1.98,13067.14,7.73,42.1,1.98,566334.8,74191.3
2011-01-31,2.17,14318.07,8.47,46.1,2.17,646870.0,79110.2
2011-02-07,2.16,14233.55,8.42,45.8,2.16,105231.0,12406.5
2011-02-14,2.2,14537.83,8.6,46.8,2.2,629873.4,72749.5
2011-02-21,2.31,15264.72,9.03,49.1,2.31,850542.8,95399.0
2011-02-28,2.21,14571.64,8.62,46.9,2.21,1184773.0,138898.1
2011-03-07,2.27,14960.44,8.85,48.2,2.27,961345.9,112172.8
2011-03-14,2.17,14334.98,8.48,46.1,2.17,867406.3,98773.4
2011-03-21,2.09,13760.23,8.14,44.3,2.09,716058.3,87407.7
2011-03-28,2.08,13743.32,8.13,44.2,2.08,399794.7,48584.2
2011-04-04,2.03,13371.42,7.91,43.0,2.03,352191.9,44145.9
2011-04-11,2.03,13405.23,7.93,43.1,2.03,391065.9,48696.7
2011-04-18,2.08,13726.42,8.12,34.0,2.08,473359.7,58410.0
2011-04-25,2.03,13371.42,7.91,33.1,2.03,452035.4,56401.5
2011-05-02,1.91,12610.72,7.46,31.1,1.91,346741.2,45967.7
2011-05-09,2.01,13270.0,7.85,32.7,2.01,532085.2,68373.1
2011-05-16,1.91,12610.72,7.46,31.1,1.91,317070.7,41348.1
2011-05-23,1.85,12188.11,7.21,30.0,1.85,283467.5,38044.7
2011-05-30,1.8,11866.93,7.02,29.3,1.8,224482.4,31462.1
2011-06-06,1.81,11917.64,7.05,29.4,1.81,184299.4,26138.6
2011-06-13,1.81,11951.45,7.07,29.5,1.81,212451.7,29930.6
2011-06-20,1.77,11680.98,6.91,28.8,1.77,174062.8,24655.2
2011-06-27,1.84,12137.4,7.18,29.9,1.84,227904.2,32089.2
2011-07-04,1.88,12390.97,7.33,30.5,1.88,246882.3,34217.3
2011-07-11,1.87,12340.26,7.3,30.4,1.87,307568.7,42480.8
2011-07-18,1.86,12289.54,7.27,30.3,1.86,328024.1,44953.0
2011-07-25,1.77,11680.98,6.91,28.8,1.77,189692.8,26653.2
2011-08-01,1.72,11325.99,6.7,27.9,1.72,175797.7,25684.7
2011-08-08,1.56,10261.01,6.07,26.6,1.56,234566.9,36735.9
2011-08-15,1.62,10666.71,6.31,27.7,1.62,287189.5,46700.0
2011-08-22,1.52,10041.25,5.94,26.1,1.52,139932.6,22931.5
2011-08-29,1.57,10328.63,6.11,26.8,1.57,199575.8,32294.6
2011-09-05,1.5,9872.21,5.84,25.6,1.5,122872.9,20304.1
2011-09-12,1.48,9770.78,5.78,25.4,1.48,93090.8,15953.2
2011-09-19,1.46,9601.73,5.68,24.9,1.46,88127.0,15428.1
2011-09-26,1.43,9415.79,5.57,24.4,1.43,119427.1,20905.4
2011-10-03,1.37,9043.89,5.35,23.5,1.37,73703.4,13401.5
2011-10-10,1.38,9094.6,5.38,23.6,1.38,19550.5,3619.9
2011-10-17,1.45,9551.02,5.65,24.8,1.45,178832.7,31863.8
2011-10-24,1.37,9010.08,5.33,23.4,1.37,106458.2,19962.7
2011-10-31,1.45,9584.83,5.67,33.4,1.45,197691.5,35666.9
2011-11-07,1.44,9517.21,5.63,33.1,1.44,223007.0,39567.5
2011-11-14,1.42,9348.17,5.53,32.5,1.42,115312.0,20828.8
2011-11-21,1.36,8976.27,5.31,31.2,1.36,125983.5,23136.3
2011-11-28,1.29,8519.85,5.04,29.6,1.29,92969.4,18072.9
2011-12-05,1.23,8147.95,4.82,28.4,1.23,114191.7,23368.8
2011-12-12,1.22,8029.62,4.75,27.9,1.22,62991.5,13046.3
2011-12-19,1.13,7437.96,4.4,25.9,1.13,74323.7,16600.1
2011-12-26,1.06,6981.54,4.13,24.3,1.06,71206.9,16778.7
2012-01-02,1.06,6964.64,4.12,24.2,1.06,42782.2,10491.7
2012-01-09,1.06,6981.54,4.13,24.3,1.06,70766.1,17492.6
2012-01-16,1.04,6812.5,4.03,23.7,1.04,189903.4,45081.6
2012-01-23,1.13,7437.96,4.4,25.9,1.13,341728.0,76506.5
2012-01-30,1.11,7319.63,4.33,25.5,1.11,31855.9,7300.1
2012-02-06,1.14,7488.68,4.43,26.1,1.14,197078.7,45164.1
2012-02-13,1.15,7573.2,4.48,26.4,1.15,219496.2,49411.5
2012-02-20,1.2,7894.38,4.67,27.5,1.2,663511.8,140142.0
2012-02-27,1.27,8367.71,4.95,29.1,1.27,436229.8,90100.9
2012-03-05,1.31,8621.27,5.1,30.0,1.31,407196.9,79856.3
2012-03-12,1.3,8570.56,5.07,29.8,1.3,289466.4,57132.0
2012-03-19,1.24,8181.76,4.84,28.5,1.24,244911.4,49871.6
2012-03-26,1.19,7843.67,4.64,27.3,1.19,236887.2,50528.3
2012-04-02,1.14,7488.68,4.43,26.1,1.14,139699.3,30000.7
2012-04-09,1.2,7894.38,4.67,51.9,1.2,147018.1,31214.1
2012-04-16,1.24,8147.95,4.82,53.6,1.24,232693.9,48093.3
2012-04-23,1.3,8553.66,5.06,56.2,1.3,311316.9,62529.1
2012-04-30,1.31,8604.37,5.09,100.4,1.31,252449.4,49037.2
2012-05-07,1.32,8671.99,5.13,101.2,1.32,131643.8,25725.3
2012-05-14,1.24,8147.95,4.82,95.1,1.24,170352.9,34279.6
2012-05-21,1.21,7962.0,4.71,92.9,1.21,133235.8,27735.0
2012-05-28,1.21,7962.0,4.71,92.9,1.21,87218.5,18618.3
2012-06-04,1.15,7556.29,4.47,88.2,1.15,117966.0,25012.8
2012-06-11,1.14,7488.68,4.43,87.4,1.14,93824.4,21196.9
2012-06-18,1.12,7336.54,4.34,85.6,1.12,135946.9,31141.7
2012-06-25,1.08,7082.97,4.19,82.6,1.08,72253.0,16937.5
2012-07-02,1.05,6930.83,4.1,80.9,1.05,138562.0,34031.5
2012-07-09,1.05,6930.83,4.1,80.9,1.05,173747.7,41718.7
2012-07-16,1.0,6609.64,3.91,77.1,1.0,91334.0,22570.4
2012-07-23,1.0,6558.93,3.88,76.5,1.0,98424.2,25015.3
2012-07-30,0.95,6220.84,3.68,72.6,0.95,68274.3,17934.3
2012-08-06,0.98,6423.7,3.8,75.0,0.98,51093.0,13768.5
2012-08-13,0.96,6322.27,3.74,73.8,0.96,94398.9,24818.8
2012-08-20,0.94,6187.03,3.66,72.2,0.94,42983.4,11653.3
2012-08-27,0.89,5882.75,3.48,68.6,0.89,54502.8,14971.7
2012-09-03,0.91,5967.27,3.53,,0.91,46176.6,13132.0
2012-09-10,0.95,6271.55,3.71,,0.95,160976.9,44459.5
2012-09-17,0.9,5950.37,3.52,,0.9,120260.3,32746.8
2012-09-24,0.87,5696.8,3.37,,0.87,79863.0,23177.1
2012-10-01,0.89,5882.75,3.48,,0.89,81117.4,23665.7
2012-10-08,0.9,5916.56,3.5,,0.9,24211.6,6860.9
2012-10-15,0.92,6051.8,3.58,,0.92,170036.5,47259.4
2012-10-22,0.95,6237.75,3.69,,0.95,141939.1,38609.1
2012-10-29,0.9,5933.46,3.51,,0.9,146056.5,39920.8
2012-11-05,0.93,6136.32,3.63,,0.93,85243.2,23847.8
2012-11-12,0.89,5865.85,3.47,,0.89,63262.5,17951.2
2012-11-19,0.86,5679.9,3.36,,0.86,72472.4,21474.0
2012-11-26,0.88,5815.13,3.44,,0.88,73207.2,21271.9
2012-12-03,0.86,5662.99,3.35,,0.86,63227.4,18934.8
2012-12-10,0.94,6170.13,3.65,,0.94,210075.1,58806.0
2012-12-17,0.97,6356.07,3.76,,0.97,204184.2,55527.9
2012-12-24,0.97,6372.98,3.77,,0.97,182795.0,48231.3
2012-12-31,1.01,6643.45,3.93,,1.01,195939.6,50804.4
2013-01-07,1.09,7049.16,4.17,,1.09,241208.9,57886.3
2013-01-14,1.08,7032.26,4.16,,1.08,245470.5,59820.4
2013-01-21,1.17,7573.2,4.48,,1.17,370750.1,86173.5
2013-01-28,1.18,7623.91,4.51,,1.18,291557.4,64647.4
2013-02-04,1.15,7437.96,4.4,,1.15,221098.3,50049.0
2013-02-11,1.16,7539.39,4.46,,1.16,138373.8,31375.2
2013-02-18,1.16,7522.48,4.45,,1.16,20317.5,4564.8
2013-02-25,1.09,7082.97,4.19,,1.09,181873.1,41418.3
2013-03-04,1.02,6626.55,3.92,,1.02,133504.2,32901.7
2013-03-11,1.05,6829.4,4.04,,1.05,286631.6,71377.9
2013-03-18,1.03,6660.36,3.94,,1.03,159931.0,39849.1
2013-03-25,1.07,6930.83,4.1,372.7,1.07,134087.8,32968.5
2013-04-01,1.01,6525.12,3.86,350.9,1.01,194163.0,47870.8
2013-04-08,0.95,6153.22,3.64,330.9,0.95,86667.1,23349.8
2013-04-15,0.91,5899.66,3.49,317.3,0.91,97389.6,26914.1
2013-04-22,0.92,5984.18,3.54,321.8,0.92,91378.0,25823.2
2013-04-29,0.89,5764.42,3.41,,0.89,79240.5,22970.5
2013-05-06,0.9,5865.85,3.47,,0.9,39586.5,11589.8
2013-05-13,0.9,5848.94,3.46,,0.9,87914.3,25429.6
2013-05-20,0.95,6187.03,3.66,,0.95,161381.0,44812.2
2013-05-27,0.92,5967.27,3.53,,0.92,195280.5,54350.7
2013-06-03,0.92,5950.37,3.52,,0.92,113051.5,31843.4
2013-06-10,0.88,5713.71,3.38,,0.88,61295.9,17887.4
2013-06-17,0.89,5764.42,3.41,,0.89,60387.8,18265.7
2013-06-24,0.81,5240.38,3.1,,0.81,97830.8,29371.1
2013-07-01,0.79,5122.05,3.03,,0.79,89113.7,29506.8
2013-07-08,0.75,4885.39,2.89,,0.75,76840.5,25888.0
2013-07-15,0.77,5020.63,2.97,,0.77,90590.8,30621.3
2013-07-22,0.74,4783.96,2.83,,0.74,75899.9,25952.5
2013-07-29,0.71,4598.01,2.72,,0.71,102513.5,36401.1
2013-08-05,0.77,4969.91,2.94,,0.77,115885.0,40880.8
2013-08-12,0.79,5105.14,3.02,,0.79,138810.4,46598.2
2013-08-19,0.78,5037.53,2.98,,0.78,119912.7,39636.1
2013-08-26,0.83,5358.71,3.17,,0.83,113727.1,37304.0
2013-09-02,0.85,5527.76,3.27,,0.85,527584.4,156635.3
2013-09-09,1.04,6727.98,3.98,,1.04,643872.3,175341.6
2013-09-16,1.05,6795.59,4.02,,1.05,1562741.0,372454.2
2013-09-23,1.0,6491.31,3.84,,1.0,345724.6,90666.6
2013-09-30,0.94,6085.61,3.6,,0.94,429143.6,115989.2
2013-10-07,0.94,6085.61,3.6,,0.94,,
2013-10-14,0.97,6271.55,3.71,,0.97,330292.8,88882.2
2013-10-21,0.96,6203.93,3.67,,0.96,356633.3,96170.5
2013-10-28,0.9,5848.94,3.46,,0.9,142255.3,40417.1
2013-11-04,0.88,5730.61,3.39,,0.88,136679.6,40163.8
2013-11-11,0.85,5493.95,3.25,,0.85,100562.1,30530.4
2013-11-18,0.94,6068.7,3.59,,0.94,175502.0,51199.7
2013-11-25,0.96,6254.65,3.7,,0.96,250093.0,67727.6
2013-12-02,0.96,6237.75,3.69,,0.96,240901.5,64605.8
2013-12-09,1.09,7049.16,4.17,,1.09,559462.6,134866.2
2013-12-16,0.96,6254.65,3.7,,0.96,288598.6,73478.1
2013-12-23,0.91,5899.66,3.49,,0.91,117782.2,32553.4
2013-12-30,0.91,5916.56,3.5,,0.91,135828.7,38726.9
2014-01-06,0.84,5460.14,3.23,,0.84,123625.8,36375.0
2014-01-13,0.79,5155.86,3.05,,0.79,144133.3,45757.3
2014-01-20,0.75,4919.2,2.91,,0.75,287245.6,96286.4
2014-01-27,0.79,5172.76,3.06,,0.79,188268.6,62344.2
2014-02-03,0.78,5122.05,3.03,,0.78,56073.6,18300.5
2014-02-10,0.82,5358.71,3.17,,0.82,52812.2,16942.8
2014-02-17,0.85,5544.66,3.28,,0.85,189497.6,58114.8
2014-02-24,0.83,5392.52,3.19,,0.83,240946.5,72318.8
2014-03-03,0.82,5358.71,3.17,,0.82,138893.3,44457.1
2014-03-10,0.83,5409.43,3.2,,0.83,173781.7,53706.1
2014-03-17,0.82,5341.81,3.16,,0.82,115307.0,36759.3
2014-03-24,0.83,5426.33,3.21,,0.83,148386.7,47488.0
2014-03-31,0.82,5358.71,3.17,164.2,0.82,142495.8,44631.5
2014-04-07,0.84,5460.14,3.23,167.4,0.84,144966.4,44742.3
2014-04-14,0.83,5426.33,3.21,166.3,0.83,172442.8,53010.2
2014-04-21,0.81,5274.19,3.12,161.7,0.81,88894.2,28013.2
2014-04-28,0.76,4986.81,2.95,152.8,0.76,66582.6,21804.8
2014-05-05,0.78,5122.05,3.03,79.3,0.78,31931.7,10666.5
2014-05-12,0.8,5223.48,3.09,80.9,0.8,101729.4,33684.2
2014-05-19,0.78,5088.24,3.01,78.8,0.78,61852.4,20162.5
2014-05-26,0.78,5122.05,3.03,79.3,0.78,44172.5,14666.8
2014-06-02,0.77,5037.53,2.98,78.0,0.77,46115.3,15400.2
2014-06-09,0.76,4953.0,2.93,76.7,0.76,39915.5,13500.8
2014-06-16,0.77,5003.72,2.96,77.5,0.77,71004.7,23942.2
2014-06-23,0.75,4885.39,2.89,75.7,0.75,59020.7,20360.4
2014-06-30,0.76,4953.0,2.93,76.7,0.76,61566.3,21123.1
2014-07-07,0.79,5138.95,3.04,79.6,0.79,253344.6,82006.6
2014-07-14,0.81,5291.09,3.13,81.9,0.81,115783.0,37585.4
2014-07-21,0.81,5308.0,3.14,82.2,0.81,181734.7,56778.9
2014-07-28,0.85,5578.47,3.3,86.4,0.85,153307.3,47733.9
2014-08-04,0.85,5561.57,3.29,86.1,0.85,197557.9,60663.3
2014-08-11,0.87,5662.99,3.35,87.7,0.87,237608.8,71494.3
2014-08-18,0.94,6153.22,3.64,95.3,0.94,825130.7,230405.9
2014-08-25,1.0,6558.93,3.88,53.7,1.0,822585.5,221050.1
2014-09-01,0.99,6457.5,3.82,52.9,0.99,457909.1,120294.7
2014-09-08,1.03,6694.16,3.96,54.8,1.03,704852.3,177236.3
2014-09-15,1.03,6744.88,3.99,55.3,1.03,435786.1,108832.2
2014-09-22,0.99,6457.5,3.82,52.9,0.99,551622.6,139614.2
2014-09-29,1.02,6643.45,3.93,54.4,1.02,436209.1,112180.6
2014-10-06,1.03,6694.16,3.96,54.8,1.03,89552.5,22752.2
2014-10-13,1.05,6846.3,4.05,56.1,1.05,378481.0,94528.0
2014-10-20,1.08,7032.26,4.16,57.6,1.08,823999.2,199274.1
2014-10-27,1.0,6542.03,3.87,53.6,1.0,477439.0,118928.9
2014-11-03,1.19,7759.14,4.59,29.1,1.19,2026726.0,461344.8
2014-11-10,1.35,8807.23,5.21,33.0,1.35,2091006.0,436663.4
2014-11-17,1.34,8739.61,5.17,32.7,1.34,1635078.0,311638.6
2014-11-24,1.33,8688.89,5.14,32.5,1.33,850651.3,167846.8
2014-12-01,1.48,9686.26,5.73,36.3,1.48,1729801.0,313136.2
2014-12-08,1.41,9229.84,5.46,34.6,1.41,1622805.0,295659.6
2014-12-15,1.58,10294.82,6.09,38.5,1.58,2485146.0,423942.3
2014-12-22,2.07,13523.57,8.0,50.6,2.07,3857653.0,547545.8
2014-12-29,2.07,13523.57,8.0,50.6,2.07,,
2015-01-05,2.07,13523.57,8.0,50.6,2.07,,
2015-01-12,1.81,11833.13,7.0,44.3,1.81,3125426.0,401053.7
2015-01-19,1.62,10599.1,6.27,39.7,1.62,1927329.0,282155.3
2015-01-26,1.79,11697.89,6.92,43.8,1.79,1756818.0,260449.4
2015-02-02,1.59,10396.25,6.15,38.9,1.59,1039340.0,158479.9
2015-02-09,1.5,9804.59,5.8,36.7,1.5,646968.0,106569.6
2015-02-16,1.63,10666.71,6.31,39.9,1.63,714806.7,116381.1
2015-02-23,1.67,10920.29,6.46,40.9,1.67,186966.5,29061.8
2015-03-02,1.7,11072.42,6.55,41.5,1.7,697230.7,108363.1
2015-03-09,1.7,11089.33,6.56,41.5,1.7,1045115.0,161050.9
2015-03-16,1.84,11985.27,7.09,44.9,1.84,1421361.0,207792.4
2015-03-23,2.0,13050.25,7.72,48.9,2.0,3525981.0,459813.8
2015-03-30,2.12,13861.66,8.2,70.1,2.12,2950066.0,376805.5
2015-04-06,2.05,13354.53,7.9,67.5,2.05,1876481.0,234978.4
2015-04-13,2.16,14115.23,8.35,71.4,2.16,3312531.0,407981.1
2015-04-20,2.86,18662.53,11.04,94.4,2.86,7324294.0,754524.1
2015-04-27,3.13,20437.5,12.09,44.0,3.13,9280320.0,834382.9
2015-05-04,3.11,20319.17,12.02,43.8,3.11,8280669.0,653317.4
2015-05-11,2.81,18375.15,10.87,39.6,2.81,4365760.0,404521.4
2015-05-18,2.68,17513.02,10.36,37.7,2.68,3389335.0,317239.1
2015-05-25,3.22,21046.06,12.45,45.3,3.22,8046841.0,664948.9
2015-06-01,3.01,19676.8,11.64,42.4,3.01,5436857.0,457285.6
2015-06-08,3.36,21908.19,12.96,47.2,3.36,6041883.0,494440.3
2015-06-15,3.63,23716.97,14.03,51.1,3.63,6652426.0,514551.8
2015-06-22,3.44,22449.13,13.28,48.3,3.44,11520690.0,787153.0
2015-06-29,3.92,25576.46,15.13,55.1,3.92,13959470.0,928735.3
2015-07-06,2.81,18324.44,10.84,39.5,2.81,9771104.0,689049.9
2015-07-13,3.03,19761.32,11.69,42.6,3.03,4689277.0,481859.4
2015-07-20,3.07,20065.6,11.87,43.2,3.07,3810617.0,340686.4
2015-07-27,3.02,19710.61,11.66,42.4,3.02,5933273.0,467025.6
2015-08-03,3.1,20217.74,11.96,43.5,3.1,3984436.0,343374.6
2015-08-10,3.69,24088.87,14.25,51.9,3.69,5801779.0,435278.5
2015-08-17,3.69,24088.87,14.25,51.9,3.69,,
2015-08-24,3.69,24088.87,14.25,51.9,3.69,,
2015-08-31,3.69,24088.87,14.25,41.7,3.69,,
2015-09-07,3.69,24088.87,14.25,41.7,3.69,,
2015-09-14,3.69,24088.87,14.25,41.7,3.69,,
2015-09-21,3.69,24088.87,14.25,41.7,3.69,,
2015-09-28,3.69,24088.87,14.25,41.7,3.69,,
2015-10-05,3.69,24088.87,14.25,41.7,3.69,,
2015-10-12,3.69,24088.87,14.25,41.7,3.69,,
2015-10-19,3.69,24088.87,14.25,41.7,3.69,,
2015-10-26,3.69,24088.87,14.25,41.7,3.69,,
2015-11-02,3.69,24088.87,14.25,64.7,3.69,,
2015-11-09,3.69,24088.87,14.25,64.7,3.69,,
2015-11-16,3.69,24088.87,14.25,64.7,3.69,,
2015-11-23,3.69,24088.87,14.25,64.7,3.69,,
2015-11-30,3.69,24088.87,14.25,64.7,3.69,,
2015-12-07,3.69,24088.87,14.25,64.7,3.69,,
2015-12-14,3.69,24088.87,14.25,64.7,3.69,,
2015-12-21,2.95,19288.0,11.41,51.8,2.95,5958596.0,513034.5
2015-12-28,2.7,17631.36,10.43,47.4,2.7,4188595.0,384056.4
2016-01-04,2.39,15602.82,9.23,41.9,2.39,1382947.0,136136.1
2016-01-11,1.87,12238.83,7.24,32.9,1.87,1689882.0,203605.3
2016-01-18,1.8,11782.41,6.97,31.7,1.8,1376052.0,196292.8
2016-01-25,1.81,11816.22,6.99,31.8,1.81,1383828.0,193891.1
2016-02-01,1.52,9906.02,5.86,26.6,1.52,846865.8,140302.1
2016-02-08,1.97,12879.9,6.0,27.3,1.55,481896.9,80118.1
2016-02-15,1.92,12514.97,5.83,26.5,1.51,89391.0,15465.7
2016-02-22,2.16,14082.03,6.56,29.8,1.7,1421879.0,222650.5
2016-02-29,1.86,12128.57,5.65,25.7,1.46,1216376.0,192767.7
2016-03-07,2.16,14124.96,6.58,29.9,1.7,1481010.0,233159.4
2016-03-14,2.14,13996.16,6.52,29.6,1.69,2192861.0,323679.8
2016-03-21,2.25,14704.55,6.85,31.1,1.77,1228629.0,189534.4
2016-03-28,2.14,13953.23,6.5,29.5,1.68,976617.2,146571.3
2016-04-04,2.21,14404.02,6.71,30.5,1.74,729868.2,111182.7
